[
   [ 3, 561, 4, 2761 ],
   [ 3, 562, 4, 2760 ],
   [ 3, 562, 4, 2761 ],
   [ 3, 563, 4, 2759 ],
   [ 3, 563, 4, 2760 ],
   [ 3, 563, 4, 2761 ],
   [ 3, 564, 4, 2758 ],
   [ 3, 564, 4, 2759 ],
   [ 3, 564, 4, 2760 ],
   [ 3, 565, 4, 2757 ],
   [ 3, 565, 4, 2758 ],
   [ 3, 565, 4, 2759 ],
   [ 3, 566, 4, 2756 ],
   [ 3, 566, 4, 2757 ],
   [ 3, 566, 4, 2758 ],
   [ 3, 567, 4, 2756 ],
   [ 3, 567, 4, 2757 ],
   [ 3, 567, 4, 2758 ],
   [ 3, 568, 4, 2757 ],
   [ 3, 568, 4, 2758 ],
   [ 3, 568, 4, 2759 ],
   [ 3, 569, 4, 2758 ],
   [ 3, 569, 4, 2759 ],
   [ 3, 569, 4, 2760 ],
   [ 3, 570, 4, 2759 ],
   [ 3, 570, 4, 2760 ],
   [ 3, 570, 4, 2761 ],
   [ 3, 571, 4, 2760 ],
   [ 3, 571, 4, 2761 ],
   [ 3, 0, 4, 3325 ],
   [ 3, 0, 4, 3326 ],
   [ 3, 0, 4, 3327 ],
   [ 3, 0, 4, 3328 ],
   [ 3, 1, 4, 3324 ],
   [ 3, 1, 4, 3325 ],
   [ 3, 1, 4, 3326 ],
   [ 3, 1, 4, 3327 ],
   [ 3, 1, 4, 3328 ],
   [ 3, 1, 4, 3329 ],
   [ 3, 2, 4, 3323 ],
   [ 3, 2, 4, 3324 ],
   [ 3, 2, 4, 3325 ],
   [ 3, 2, 4, 3328 ],
   [ 3, 2, 4, 3329 ],
   [ 3, 2, 4, 3330 ],
   [ 3, 3, 4, 3322 ],
   [ 3, 3, 4, 3323 ],
   [ 3, 3, 4, 3324 ],
   [ 3, 3, 4, 3329 ],
   [ 3, 3, 4, 3330 ],
   [ 3, 3, 4, 3331 ],
   [ 3, 4, 4, 3321 ],
   [ 3, 4, 4, 3322 ],
   [ 3, 4, 4, 3323 ],
   [ 3, 4, 4, 3330 ],
   [ 3, 4, 4, 3331 ],
   [ 3, 5, 4, 3320 ],
   [ 3, 5, 4, 3321 ],
   [ 3, 5, 4, 3322 ],
   [ 3, 5, 4, 3331 ],
   [ 3, 6, 4, 3320 ],
   [ 3, 6, 4, 3321 ],
   [ 3, 7, 4, 3318 ],
   [ 3, 7, 4, 3319 ],
   [ 3, 7, 4, 3320 ],
   [ 3, 8, 4, 3318 ],
   [ 3, 8, 4, 3319 ],
   [ 3, 9, 4, 3317 ],
   [ 3, 9, 4, 3318 ],
   [ 3, 10, 4, 3316 ],
   [ 3, 10, 4, 3317 ],
   [ 3, 10, 4, 3318 ],
   [ 3, 11, 4, 3315 ],
   [ 3, 11, 4, 3316 ],
   [ 3, 11, 4, 3317 ],
   [ 3, 12, 4, 3314 ],
   [ 3, 12, 4, 3315 ],
   [ 3, 12, 4, 3316 ],
   [ 3, 13, 4, 3313 ],
   [ 3, 13, 4, 3314 ],
   [ 3, 13, 4, 3315 ],
   [ 3, 14, 4, 3312 ],
   [ 3, 14, 4, 3313 ],
   [ 3, 14, 4, 3314 ],
   [ 3, 15, 4, 3311 ],
   [ 3, 15, 4, 3312 ],
   [ 3, 15, 4, 3313 ],
   [ 3, 16, 4, 3310 ],
   [ 3, 16, 4, 3311 ],
   [ 3, 16, 4, 3312 ],
   [ 3, 17, 4, 3309 ],
   [ 3, 17, 4, 3310 ],
   [ 3, 17, 4, 3311 ],
   [ 3, 18, 4, 3308 ],
   [ 3, 18, 4, 3309 ],
   [ 3, 18, 4, 3310 ],
   [ 3, 19, 4, 3307 ],
   [ 3, 19, 4, 3308 ],
   [ 3, 19, 4, 3309 ],
   [ 3, 20, 4, 3306 ],
   [ 3, 20, 4, 3307 ],
   [ 3, 20, 4, 3308 ],
   [ 3, 21, 4, 3305 ],
   [ 3, 21, 4, 3306 ],
   [ 3, 21, 4, 3307 ],
   [ 3, 22, 4, 3304 ],
   [ 3, 22, 4, 3305 ],
   [ 3, 22, 4, 3306 ],
   [ 3, 23, 4, 3303 ],
   [ 3, 23, 4, 3304 ],
   [ 3, 23, 4, 3305 ],
   [ 3, 24, 4, 3302 ],
   [ 3, 24, 4, 3303 ],
   [ 3, 24, 4, 3304 ],
   [ 3, 25, 4, 3301 ],
   [ 3, 25, 4, 3302 ],
   [ 3, 25, 4, 3303 ],
   [ 3, 26, 4, 3300 ],
   [ 3, 26, 4, 3301 ],
   [ 3, 26, 4, 3302 ],
   [ 3, 27, 4, 3299 ],
   [ 3, 27, 4, 3300 ],
   [ 3, 27, 4, 3301 ],
   [ 3, 28, 4, 3298 ],
   [ 3, 28, 4, 3299 ],
   [ 3, 28, 4, 3300 ],
   [ 3, 29, 4, 3297 ],
   [ 3, 29, 4, 3298 ],
   [ 3, 29, 4, 3299 ],
   [ 3, 30, 4, 3296 ],
   [ 3, 30, 4, 3297 ],
   [ 3, 30, 4, 3298 ],
   [ 3, 31, 4, 3295 ],
   [ 3, 31, 4, 3296 ],
   [ 3, 31, 4, 3297 ],
   [ 3, 32, 4, 3294 ],
   [ 3, 32, 4, 3295 ],
   [ 3, 32, 4, 3296 ],
   [ 3, 33, 4, 3293 ],
   [ 3, 33, 4, 3294 ],
   [ 3, 33, 4, 3295 ],
   [ 3, 34, 4, 3292 ],
   [ 3, 34, 4, 3293 ],
   [ 3, 34, 4, 3294 ],
   [ 3, 35, 4, 3291 ],
   [ 3, 35, 4, 3292 ],
   [ 3, 35, 4, 3293 ],
   [ 3, 36, 4, 3290 ],
   [ 3, 36, 4, 3291 ],
   [ 3, 36, 4, 3292 ],
   [ 3, 37, 4, 3289 ],
   [ 3, 37, 4, 3290 ],
   [ 3, 37, 4, 3291 ],
   [ 3, 38, 4, 3288 ],
   [ 3, 38, 4, 3289 ],
   [ 3, 38, 4, 3290 ],
   [ 3, 39, 4, 3287 ],
   [ 3, 39, 4, 3288 ],
   [ 3, 39, 4, 3289 ],
   [ 3, 40, 4, 3286 ],
   [ 3, 40, 4, 3287 ],
   [ 3, 40, 4, 3288 ],
   [ 3, 41, 4, 3285 ],
   [ 3, 41, 4, 3286 ],
   [ 3, 41, 4, 3287 ],
   [ 3, 42, 4, 3284 ],
   [ 3, 42, 4, 3285 ],
   [ 3, 42, 4, 3286 ],
   [ 3, 43, 4, 3283 ],
   [ 3, 43, 4, 3284 ],
   [ 3, 43, 4, 3285 ],
   [ 3, 44, 4, 3282 ],
   [ 3, 44, 4, 3283 ],
   [ 3, 44, 4, 3284 ],
   [ 3, 45, 4, 3281 ],
   [ 3, 45, 4, 3282 ],
   [ 3, 45, 4, 3283 ],
   [ 3, 46, 4, 3280 ],
   [ 3, 46, 4, 3281 ],
   [ 3, 46, 4, 3282 ],
   [ 3, 47, 4, 3278 ],
   [ 3, 47, 4, 3279 ],
   [ 3, 47, 4, 3280 ],
   [ 3, 47, 4, 3281 ],
   [ 3, 48, 4, 3278 ],
   [ 3, 48, 4, 3279 ],
   [ 3, 49, 4, 3277 ],
   [ 3, 49, 4, 3278 ],
   [ 3, 50, 4, 3276 ],
   [ 3, 50, 4, 3277 ],
   [ 3, 50, 4, 3278 ],
   [ 3, 51, 4, 3275 ],
   [ 3, 51, 4, 3276 ],
   [ 3, 51, 4, 3277 ],
   [ 3, 52, 4, 3274 ],
   [ 3, 52, 4, 3275 ],
   [ 3, 52, 4, 3276 ],
   [ 3, 53, 4, 3273 ],
   [ 3, 53, 4, 3274 ],
   [ 3, 53, 4, 3275 ],
   [ 3, 54, 4, 3272 ],
   [ 3, 54, 4, 3273 ],
   [ 3, 54, 4, 3274 ],
   [ 3, 55, 4, 3271 ],
   [ 3, 55, 4, 3272 ],
   [ 3, 55, 4, 3273 ],
   [ 3, 56, 4, 3270 ],
   [ 3, 56, 4, 3271 ],
   [ 3, 56, 4, 3272 ],
   [ 3, 57, 4, 3269 ],
   [ 3, 57, 4, 3270 ],
   [ 3, 57, 4, 3271 ],
   [ 3, 58, 4, 3268 ],
   [ 3, 58, 4, 3269 ],
   [ 3, 58, 4, 3270 ],
   [ 3, 59, 4, 3267 ],
   [ 3, 59, 4, 3268 ],
   [ 3, 59, 4, 3269 ],
   [ 3, 60, 4, 3266 ],
   [ 3, 60, 4, 3267 ],
   [ 3, 60, 4, 3268 ],
   [ 3, 61, 4, 3265 ],
   [ 3, 61, 4, 3266 ],
   [ 3, 61, 4, 3267 ],
   [ 3, 62, 4, 3264 ],
   [ 3, 62, 4, 3265 ],
   [ 3, 62, 4, 3266 ],
   [ 3, 63, 4, 3263 ],
   [ 3, 63, 4, 3264 ],
   [ 3, 63, 4, 3265 ],
   [ 3, 64, 4, 3262 ],
   [ 3, 64, 4, 3263 ],
   [ 3, 64, 4, 3264 ],
   [ 3, 65, 4, 3261 ],
   [ 3, 65, 4, 3262 ],
   [ 3, 65, 4, 3263 ],
   [ 3, 66, 4, 3259 ],
   [ 3, 66, 4, 3260 ],
   [ 3, 66, 4, 3261 ],
   [ 3, 66, 4, 3262 ],
   [ 3, 67, 4, 3259 ],
   [ 3, 67, 4, 3260 ],
   [ 3, 68, 4, 3258 ],
   [ 3, 68, 4, 3259 ],
   [ 3, 69, 4, 3257 ],
   [ 3, 69, 4, 3258 ],
   [ 3, 69, 4, 3259 ],
   [ 3, 70, 4, 3256 ],
   [ 3, 70, 4, 3257 ],
   [ 3, 70, 4, 3258 ],
   [ 3, 71, 4, 3255 ],
   [ 3, 71, 4, 3256 ],
   [ 3, 71, 4, 3257 ],
   [ 3, 72, 4, 3254 ],
   [ 3, 72, 4, 3255 ],
   [ 3, 72, 4, 3256 ],
   [ 3, 73, 4, 3253 ],
   [ 3, 73, 4, 3254 ],
   [ 3, 73, 4, 3255 ],
   [ 3, 74, 4, 3252 ],
   [ 3, 74, 4, 3253 ],
   [ 3, 74, 4, 3254 ],
   [ 3, 75, 4, 3251 ],
   [ 3, 75, 4, 3252 ],
   [ 3, 75, 4, 3253 ],
   [ 3, 76, 4, 3250 ],
   [ 3, 76, 4, 3251 ],
   [ 3, 76, 4, 3252 ],
   [ 3, 77, 4, 3249 ],
   [ 3, 77, 4, 3250 ],
   [ 3, 77, 4, 3251 ],
   [ 3, 78, 4, 3248 ],
   [ 3, 78, 4, 3249 ],
   [ 3, 78, 4, 3250 ],
   [ 3, 79, 4, 3247 ],
   [ 3, 79, 4, 3248 ],
   [ 3, 79, 4, 3249 ],
   [ 3, 80, 4, 3246 ],
   [ 3, 80, 4, 3247 ],
   [ 3, 80, 4, 3248 ],
   [ 3, 81, 4, 3245 ],
   [ 3, 81, 4, 3246 ],
   [ 3, 81, 4, 3247 ],
   [ 3, 82, 4, 3244 ],
   [ 3, 82, 4, 3245 ],
   [ 3, 83, 4, 3243 ],
   [ 3, 83, 4, 3244 ],
   [ 3, 83, 4, 3245 ],
   [ 3, 84, 4, 3242 ],
   [ 3, 84, 4, 3243 ],
   [ 3, 84, 4, 3244 ],
   [ 3, 85, 4, 3241 ],
   [ 3, 85, 4, 3242 ],
   [ 3, 85, 4, 3243 ],
   [ 3, 86, 4, 3240 ],
   [ 3, 86, 4, 3241 ],
   [ 3, 86, 4, 3242 ],
   [ 3, 87, 4, 3239 ],
   [ 3, 87, 4, 3240 ],
   [ 3, 87, 4, 3241 ],
   [ 3, 88, 4, 3238 ],
   [ 3, 88, 4, 3239 ],
   [ 3, 88, 4, 3240 ],
   [ 3, 89, 4, 3237 ],
   [ 3, 89, 4, 3238 ],
   [ 3, 89, 4, 3239 ],
   [ 3, 90, 4, 3236 ],
   [ 3, 90, 4, 3237 ],
   [ 3, 91, 4, 3235 ],
   [ 3, 92, 4, 3234 ],
   [ 3, 92, 4, 3235 ],
   [ 3, 93, 4, 3233 ],
   [ 3, 93, 4, 3234 ],
   [ 3, 93, 4, 3235 ],
   [ 3, 94, 4, 3232 ],
   [ 3, 94, 4, 3233 ],
   [ 3, 94, 4, 3234 ],
   [ 3, 95, 4, 3231 ],
   [ 3, 95, 4, 3232 ],
   [ 3, 95, 4, 3233 ],
   [ 3, 96, 4, 3230 ],
   [ 3, 96, 4, 3231 ],
   [ 3, 96, 4, 3232 ],
   [ 3, 97, 4, 3229 ],
   [ 3, 97, 4, 3230 ],
   [ 3, 97, 4, 3231 ],
   [ 3, 98, 4, 3227 ],
   [ 3, 98, 4, 3228 ],
   [ 3, 98, 4, 3229 ],
   [ 3, 98, 4, 3230 ],
   [ 3, 99, 4, 3227 ],
   [ 3, 99, 4, 3228 ],
   [ 3, 100, 4, 3225 ],
   [ 3, 100, 4, 3226 ],
   [ 3, 100, 4, 3227 ],
   [ 3, 101, 4, 3225 ],
   [ 3, 101, 4, 3226 ],
   [ 3, 102, 4, 3224 ],
   [ 3, 102, 4, 3225 ],
   [ 3, 103, 4, 3223 ],
   [ 3, 103, 4, 3224 ],
   [ 3, 103, 4, 3225 ],
   [ 3, 104, 4, 3222 ],
   [ 3, 104, 4, 3223 ],
   [ 3, 104, 4, 3224 ],
   [ 3, 105, 4, 3221 ],
   [ 3, 105, 4, 3222 ],
   [ 3, 105, 4, 3223 ],
   [ 3, 106, 4, 3220 ],
   [ 3, 106, 4, 3221 ],
   [ 3, 106, 4, 3222 ],
   [ 3, 107, 4, 3219 ],
   [ 3, 107, 4, 3220 ],
   [ 3, 107, 4, 3221 ],
   [ 3, 108, 4, 3218 ],
   [ 3, 108, 4, 3219 ],
   [ 3, 108, 4, 3220 ],
   [ 3, 109, 4, 3217 ],
   [ 3, 109, 4, 3218 ],
   [ 3, 109, 4, 3219 ],
   [ 3, 110, 4, 3216 ],
   [ 3, 110, 4, 3217 ],
   [ 3, 110, 4, 3218 ],
   [ 3, 111, 4, 3215 ],
   [ 3, 111, 4, 3216 ],
   [ 3, 111, 4, 3217 ],
   [ 3, 112, 4, 3214 ],
   [ 3, 112, 4, 3215 ],
   [ 3, 112, 4, 3216 ],
   [ 3, 113, 4, 3213 ],
   [ 3, 113, 4, 3214 ],
   [ 3, 113, 4, 3215 ],
   [ 3, 114, 4, 3212 ],
   [ 3, 114, 4, 3213 ],
   [ 3, 114, 4, 3214 ],
   [ 3, 115, 4, 3211 ],
   [ 3, 115, 4, 3212 ],
   [ 3, 115, 4, 3213 ],
   [ 3, 116, 4, 3210 ],
   [ 3, 116, 4, 3211 ],
   [ 3, 116, 4, 3212 ],
   [ 3, 117, 4, 3209 ],
   [ 3, 117, 4, 3210 ],
   [ 3, 117, 4, 3211 ],
   [ 3, 118, 4, 3208 ],
   [ 3, 118, 4, 3209 ],
   [ 3, 118, 4, 3210 ],
   [ 3, 119, 4, 3207 ],
   [ 3, 119, 4, 3208 ],
   [ 3, 119, 4, 3209 ],
   [ 3, 120, 4, 3206 ],
   [ 3, 120, 4, 3207 ],
   [ 3, 120, 4, 3208 ],
   [ 3, 121, 4, 3205 ],
   [ 3, 121, 4, 3206 ],
   [ 3, 121, 4, 3207 ],
   [ 3, 122, 4, 3204 ],
   [ 3, 122, 4, 3205 ],
   [ 3, 122, 4, 3206 ],
   [ 3, 123, 4, 3203 ],
   [ 3, 123, 4, 3204 ],
   [ 3, 123, 4, 3205 ],
   [ 3, 124, 4, 3202 ],
   [ 3, 124, 4, 3203 ],
   [ 3, 124, 4, 3204 ],
   [ 3, 125, 4, 3201 ],
   [ 3, 125, 4, 3202 ],
   [ 3, 125, 4, 3203 ],
   [ 3, 126, 4, 3200 ],
   [ 3, 126, 4, 3201 ],
   [ 3, 126, 4, 3202 ],
   [ 3, 127, 4, 3199 ],
   [ 3, 127, 4, 3200 ],
   [ 3, 127, 4, 3201 ],
   [ 3, 128, 4, 3198 ],
   [ 3, 128, 4, 3199 ],
   [ 3, 128, 4, 3200 ],
   [ 3, 129, 4, 3197 ],
   [ 3, 129, 4, 3198 ],
   [ 3, 129, 4, 3199 ],
   [ 3, 130, 4, 3196 ],
   [ 3, 130, 4, 3197 ],
   [ 3, 130, 4, 3198 ],
   [ 3, 131, 4, 3195 ],
   [ 3, 131, 4, 3196 ],
   [ 3, 131, 4, 3197 ],
   [ 3, 132, 4, 3194 ],
   [ 3, 132, 4, 3195 ],
   [ 3, 132, 4, 3196 ],
   [ 3, 133, 4, 3193 ],
   [ 3, 133, 4, 3194 ],
   [ 3, 133, 4, 3195 ],
   [ 3, 134, 4, 3192 ],
   [ 3, 134, 4, 3193 ],
   [ 3, 134, 4, 3194 ],
   [ 3, 135, 4, 3191 ],
   [ 3, 135, 4, 3192 ],
   [ 3, 135, 4, 3193 ],
   [ 3, 136, 4, 3190 ],
   [ 3, 136, 4, 3191 ],
   [ 3, 136, 4, 3192 ],
   [ 3, 137, 4, 3189 ],
   [ 3, 137, 4, 3190 ],
   [ 3, 137, 4, 3191 ],
   [ 3, 138, 4, 3188 ],
   [ 3, 138, 4, 3189 ],
   [ 3, 138, 4, 3190 ],
   [ 3, 139, 4, 3187 ],
   [ 3, 139, 4, 3188 ],
   [ 3, 139, 4, 3189 ],
   [ 3, 140, 4, 3186 ],
   [ 3, 140, 4, 3187 ],
   [ 3, 140, 4, 3188 ],
   [ 3, 141, 4, 3185 ],
   [ 3, 141, 4, 3186 ],
   [ 3, 141, 4, 3187 ],
   [ 3, 142, 4, 3184 ],
   [ 3, 142, 4, 3185 ],
   [ 3, 142, 4, 3186 ],
   [ 3, 143, 4, 3183 ],
   [ 3, 143, 4, 3184 ],
   [ 3, 143, 4, 3185 ],
   [ 3, 144, 4, 3182 ],
   [ 3, 144, 4, 3183 ],
   [ 3, 144, 4, 3184 ],
   [ 3, 145, 4, 3181 ],
   [ 3, 145, 4, 3182 ],
   [ 3, 145, 4, 3183 ],
   [ 3, 146, 4, 3180 ],
   [ 3, 146, 4, 3181 ],
   [ 3, 146, 4, 3182 ],
   [ 3, 147, 4, 3179 ],
   [ 3, 147, 4, 3180 ],
   [ 3, 147, 4, 3181 ],
   [ 3, 148, 4, 3178 ],
   [ 3, 148, 4, 3179 ],
   [ 3, 148, 4, 3180 ],
   [ 3, 149, 4, 3177 ],
   [ 3, 149, 4, 3178 ],
   [ 3, 149, 4, 3179 ],
   [ 3, 150, 4, 3176 ],
   [ 3, 150, 4, 3177 ],
   [ 3, 150, 4, 3178 ],
   [ 3, 151, 4, 3175 ],
   [ 3, 151, 4, 3176 ],
   [ 3, 151, 4, 3177 ],
   [ 3, 152, 4, 3174 ],
   [ 3, 152, 4, 3175 ],
   [ 3, 152, 4, 3176 ],
   [ 3, 153, 4, 3173 ],
   [ 3, 153, 4, 3174 ],
   [ 3, 153, 4, 3175 ],
   [ 3, 154, 4, 3172 ],
   [ 3, 154, 4, 3173 ],
   [ 3, 154, 4, 3174 ],
   [ 3, 155, 4, 3171 ],
   [ 3, 155, 4, 3172 ],
   [ 3, 155, 4, 3173 ],
   [ 3, 156, 4, 3170 ],
   [ 3, 156, 4, 3171 ],
   [ 3, 156, 4, 3172 ],
   [ 3, 157, 4, 3169 ],
   [ 3, 157, 4, 3170 ],
   [ 3, 157, 4, 3171 ],
   [ 3, 158, 4, 3168 ],
   [ 3, 158, 4, 3169 ],
   [ 3, 158, 4, 3170 ],
   [ 3, 159, 4, 3167 ],
   [ 3, 159, 4, 3168 ],
   [ 3, 159, 4, 3169 ],
   [ 3, 160, 4, 3166 ],
   [ 3, 160, 4, 3167 ],
   [ 3, 160, 4, 3168 ],
   [ 3, 161, 4, 3165 ],
   [ 3, 161, 4, 3166 ],
   [ 3, 161, 4, 3167 ],
   [ 3, 162, 4, 3164 ],
   [ 3, 162, 4, 3165 ],
   [ 3, 162, 4, 3166 ],
   [ 3, 163, 4, 3163 ],
   [ 3, 163, 4, 3164 ],
   [ 3, 163, 4, 3165 ],
   [ 3, 164, 4, 3162 ],
   [ 3, 164, 4, 3163 ],
   [ 3, 164, 4, 3164 ],
   [ 3, 165, 4, 3161 ],
   [ 3, 165, 4, 3162 ],
   [ 3, 165, 4, 3163 ],
   [ 3, 166, 4, 3160 ],
   [ 3, 166, 4, 3161 ],
   [ 3, 166, 4, 3162 ],
   [ 3, 167, 4, 3159 ],
   [ 3, 167, 4, 3160 ],
   [ 3, 167, 4, 3161 ],
   [ 3, 168, 4, 3158 ],
   [ 3, 168, 4, 3159 ],
   [ 3, 168, 4, 3160 ],
   [ 3, 169, 4, 3157 ],
   [ 3, 169, 4, 3158 ],
   [ 3, 169, 4, 3159 ],
   [ 3, 170, 4, 3156 ],
   [ 3, 170, 4, 3157 ],
   [ 3, 170, 4, 3158 ],
   [ 3, 171, 4, 3155 ],
   [ 3, 171, 4, 3156 ],
   [ 3, 171, 4, 3157 ],
   [ 3, 172, 4, 3154 ],
   [ 3, 172, 4, 3155 ],
   [ 3, 172, 4, 3156 ],
   [ 3, 173, 4, 3153 ],
   [ 3, 173, 4, 3154 ],
   [ 3, 173, 4, 3155 ],
   [ 3, 174, 4, 3152 ],
   [ 3, 174, 4, 3153 ],
   [ 3, 174, 4, 3154 ],
   [ 3, 175, 4, 3151 ],
   [ 3, 175, 4, 3152 ],
   [ 3, 175, 4, 3153 ],
   [ 3, 176, 4, 3150 ],
   [ 3, 176, 4, 3151 ],
   [ 3, 176, 4, 3152 ],
   [ 3, 177, 4, 3149 ],
   [ 3, 177, 4, 3150 ],
   [ 3, 177, 4, 3151 ],
   [ 3, 178, 4, 3148 ],
   [ 3, 178, 4, 3149 ],
   [ 3, 178, 4, 3150 ],
   [ 3, 179, 4, 3147 ],
   [ 3, 179, 4, 3148 ],
   [ 3, 179, 4, 3149 ],
   [ 3, 180, 4, 3146 ],
   [ 3, 180, 4, 3147 ],
   [ 3, 180, 4, 3148 ],
   [ 3, 181, 4, 3145 ],
   [ 3, 181, 4, 3146 ],
   [ 3, 181, 4, 3147 ],
   [ 3, 182, 4, 3144 ],
   [ 3, 182, 4, 3145 ],
   [ 3, 182, 4, 3146 ],
   [ 3, 183, 4, 3143 ],
   [ 3, 183, 4, 3144 ],
   [ 3, 183, 4, 3145 ],
   [ 3, 184, 4, 3142 ],
   [ 3, 184, 4, 3143 ],
   [ 3, 184, 4, 3144 ],
   [ 3, 185, 4, 3141 ],
   [ 3, 185, 4, 3142 ],
   [ 3, 185, 4, 3143 ],
   [ 3, 186, 4, 3140 ],
   [ 3, 186, 4, 3141 ],
   [ 3, 186, 4, 3142 ],
   [ 3, 187, 4, 3139 ],
   [ 3, 187, 4, 3140 ],
   [ 3, 187, 4, 3141 ],
   [ 3, 188, 4, 3138 ],
   [ 3, 188, 4, 3139 ],
   [ 3, 188, 4, 3140 ],
   [ 3, 189, 4, 3137 ],
   [ 3, 189, 4, 3138 ],
   [ 3, 189, 4, 3139 ],
   [ 3, 190, 4, 3136 ],
   [ 3, 190, 4, 3137 ],
   [ 3, 190, 4, 3138 ],
   [ 3, 191, 4, 3135 ],
   [ 3, 191, 4, 3136 ],
   [ 3, 191, 4, 3137 ],
   [ 3, 192, 4, 3134 ],
   [ 3, 192, 4, 3135 ],
   [ 3, 192, 4, 3136 ],
   [ 3, 193, 4, 3133 ],
   [ 3, 193, 4, 3134 ],
   [ 3, 193, 4, 3135 ],
   [ 3, 194, 4, 3132 ],
   [ 3, 194, 4, 3133 ],
   [ 3, 194, 4, 3134 ],
   [ 3, 195, 4, 3131 ],
   [ 3, 195, 4, 3132 ],
   [ 3, 195, 4, 3133 ],
   [ 3, 196, 4, 3130 ],
   [ 3, 196, 4, 3131 ],
   [ 3, 196, 4, 3132 ],
   [ 3, 197, 4, 3129 ],
   [ 3, 197, 4, 3130 ],
   [ 3, 197, 4, 3131 ],
   [ 3, 198, 4, 3128 ],
   [ 3, 198, 4, 3129 ],
   [ 3, 198, 4, 3130 ],
   [ 3, 199, 4, 3127 ],
   [ 3, 199, 4, 3128 ],
   [ 3, 199, 4, 3129 ],
   [ 3, 200, 4, 3126 ],
   [ 3, 200, 4, 3127 ],
   [ 3, 200, 4, 3128 ],
   [ 3, 201, 4, 3125 ],
   [ 3, 201, 4, 3126 ],
   [ 3, 201, 4, 3127 ],
   [ 3, 202, 4, 3124 ],
   [ 3, 202, 4, 3125 ],
   [ 3, 202, 4, 3126 ],
   [ 3, 203, 4, 3123 ],
   [ 3, 203, 4, 3124 ],
   [ 3, 203, 4, 3125 ],
   [ 3, 204, 4, 3122 ],
   [ 3, 204, 4, 3123 ],
   [ 3, 204, 4, 3124 ],
   [ 3, 205, 4, 3121 ],
   [ 3, 205, 4, 3122 ],
   [ 3, 205, 4, 3123 ],
   [ 3, 206, 4, 3120 ],
   [ 3, 206, 4, 3121 ],
   [ 3, 206, 4, 3122 ],
   [ 3, 207, 4, 3119 ],
   [ 3, 207, 4, 3120 ],
   [ 3, 207, 4, 3121 ],
   [ 3, 208, 4, 3118 ],
   [ 3, 208, 4, 3119 ],
   [ 3, 208, 4, 3120 ],
   [ 3, 209, 4, 3117 ],
   [ 3, 209, 4, 3118 ],
   [ 3, 209, 4, 3119 ],
   [ 3, 210, 4, 3116 ],
   [ 3, 210, 4, 3117 ],
   [ 3, 210, 4, 3118 ],
   [ 3, 211, 4, 3115 ],
   [ 3, 211, 4, 3116 ],
   [ 3, 211, 4, 3117 ],
   [ 3, 212, 4, 3114 ],
   [ 3, 212, 4, 3115 ],
   [ 3, 212, 4, 3116 ],
   [ 3, 213, 4, 3113 ],
   [ 3, 213, 4, 3114 ],
   [ 3, 213, 4, 3115 ],
   [ 3, 214, 4, 3112 ],
   [ 3, 214, 4, 3113 ],
   [ 3, 214, 4, 3114 ],
   [ 3, 215, 4, 3112 ],
   [ 3, 215, 4, 3113 ],
   [ 3, 216, 4, 3111 ],
   [ 3, 216, 4, 3112 ],
   [ 3, 217, 4, 3110 ],
   [ 3, 217, 4, 3111 ],
   [ 3, 218, 4, 3109 ],
   [ 3, 218, 4, 3110 ],
   [ 3, 218, 4, 3111 ],
   [ 3, 219, 4, 3108 ],
   [ 3, 219, 4, 3109 ],
   [ 3, 219, 4, 3110 ],
   [ 3, 220, 4, 3108 ],
   [ 3, 220, 4, 3109 ],
   [ 3, 221, 4, 3106 ],
   [ 3, 221, 4, 3107 ],
   [ 3, 221, 4, 3108 ],
   [ 3, 222, 4, 3106 ],
   [ 3, 222, 4, 3107 ],
   [ 3, 512, 4, 2813 ],
   [ 3, 512, 4, 2814 ],
   [ 3, 513, 4, 2809 ],
   [ 3, 513, 4, 2810 ],
   [ 3, 513, 4, 2813 ],
   [ 3, 513, 4, 2814 ],
   [ 3, 514, 4, 2809 ],
   [ 3, 514, 4, 2810 ],
   [ 3, 515, 4, 2808 ],
   [ 3, 515, 4, 2809 ],
   [ 3, 516, 4, 2807 ],
   [ 3, 516, 4, 2808 ],
   [ 3, 516, 4, 2809 ],
   [ 3, 517, 4, 2807 ],
   [ 3, 517, 4, 2808 ],
   [ 3, 518, 4, 2806 ],
   [ 3, 518, 4, 2807 ],
   [ 3, 519, 4, 2805 ],
   [ 3, 519, 4, 2806 ],
   [ 3, 519, 4, 2807 ],
   [ 3, 520, 4, 2804 ],
   [ 3, 520, 4, 2805 ],
   [ 3, 520, 4, 2806 ],
   [ 3, 521, 4, 2803 ],
   [ 3, 521, 4, 2804 ],
   [ 3, 521, 4, 2805 ],
   [ 3, 522, 4, 2802 ],
   [ 3, 522, 4, 2803 ],
   [ 3, 522, 4, 2804 ],
   [ 3, 523, 4, 2801 ],
   [ 3, 523, 4, 2802 ],
   [ 3, 523, 4, 2803 ],
   [ 3, 524, 4, 2800 ],
   [ 3, 524, 4, 2801 ],
   [ 3, 524, 4, 2802 ],
   [ 3, 525, 4, 2799 ],
   [ 3, 525, 4, 2800 ],
   [ 3, 525, 4, 2801 ],
   [ 3, 526, 4, 2798 ],
   [ 3, 526, 4, 2799 ],
   [ 3, 526, 4, 2800 ],
   [ 3, 527, 4, 2797 ],
   [ 3, 527, 4, 2798 ],
   [ 3, 527, 4, 2799 ],
   [ 3, 528, 4, 2796 ],
   [ 3, 528, 4, 2797 ],
   [ 3, 528, 4, 2798 ],
   [ 3, 529, 4, 2795 ],
   [ 3, 529, 4, 2796 ],
   [ 3, 529, 4, 2797 ],
   [ 3, 530, 4, 2794 ],
   [ 3, 530, 4, 2795 ],
   [ 3, 530, 4, 2796 ],
   [ 3, 531, 4, 2793 ],
   [ 3, 531, 4, 2794 ],
   [ 3, 531, 4, 2795 ],
   [ 3, 532, 4, 2792 ],
   [ 3, 532, 4, 2793 ],
   [ 3, 532, 4, 2794 ],
   [ 3, 533, 4, 2791 ],
   [ 3, 533, 4, 2792 ],
   [ 3, 533, 4, 2793 ],
   [ 3, 534, 4, 2790 ],
   [ 3, 534, 4, 2791 ],
   [ 3, 534, 4, 2792 ],
   [ 3, 535, 4, 2789 ],
   [ 3, 535, 4, 2790 ],
   [ 3, 535, 4, 2791 ],
   [ 3, 536, 4, 2788 ],
   [ 3, 536, 4, 2789 ],
   [ 3, 536, 4, 2790 ],
   [ 3, 537, 4, 2787 ],
   [ 3, 537, 4, 2788 ],
   [ 3, 537, 4, 2789 ],
   [ 3, 538, 4, 2786 ],
   [ 3, 538, 4, 2787 ],
   [ 3, 538, 4, 2788 ],
   [ 3, 539, 4, 2785 ],
   [ 3, 539, 4, 2786 ],
   [ 3, 539, 4, 2787 ],
   [ 3, 540, 4, 2784 ],
   [ 3, 540, 4, 2785 ],
   [ 3, 540, 4, 2786 ],
   [ 3, 541, 4, 2783 ],
   [ 3, 541, 4, 2784 ],
   [ 3, 541, 4, 2785 ],
   [ 3, 542, 4, 2782 ],
   [ 3, 542, 4, 2783 ],
   [ 3, 542, 4, 2784 ],
   [ 3, 543, 4, 2781 ],
   [ 3, 543, 4, 2782 ],
   [ 3, 543, 4, 2783 ],
   [ 3, 544, 4, 2780 ],
   [ 3, 544, 4, 2781 ],
   [ 3, 544, 4, 2782 ],
   [ 3, 545, 4, 2779 ],
   [ 3, 545, 4, 2780 ],
   [ 3, 545, 4, 2781 ],
   [ 3, 546, 4, 2778 ],
   [ 3, 546, 4, 2779 ],
   [ 3, 546, 4, 2780 ],
   [ 3, 547, 4, 2777 ],
   [ 3, 547, 4, 2778 ],
   [ 3, 547, 4, 2779 ],
   [ 3, 548, 4, 2776 ],
   [ 3, 548, 4, 2777 ],
   [ 3, 548, 4, 2778 ],
   [ 3, 549, 4, 2775 ],
   [ 3, 549, 4, 2776 ],
   [ 3, 549, 4, 2777 ],
   [ 3, 550, 4, 2774 ],
   [ 3, 550, 4, 2775 ],
   [ 3, 550, 4, 2776 ],
   [ 3, 551, 4, 2773 ],
   [ 3, 551, 4, 2774 ],
   [ 3, 551, 4, 2775 ],
   [ 3, 552, 4, 2772 ],
   [ 3, 552, 4, 2773 ],
   [ 3, 552, 4, 2774 ],
   [ 3, 553, 4, 2771 ],
   [ 3, 553, 4, 2772 ],
   [ 3, 553, 4, 2773 ],
   [ 3, 554, 4, 2769 ],
   [ 3, 554, 4, 2770 ],
   [ 3, 554, 4, 2771 ],
   [ 3, 554, 4, 2772 ],
   [ 3, 555, 4, 2769 ],
   [ 3, 555, 4, 2770 ],
   [ 3, 556, 4, 2768 ],
   [ 3, 556, 4, 2769 ],
   [ 3, 557, 4, 2767 ],
   [ 3, 557, 4, 2768 ],
   [ 3, 558, 4, 2765 ],
   [ 3, 558, 4, 2766 ],
   [ 3, 558, 4, 2767 ],
   [ 3, 559, 4, 2764 ],
   [ 3, 559, 4, 2765 ],
   [ 3, 559, 4, 2766 ],
   [ 3, 560, 4, 2762 ],
   [ 3, 560, 4, 2763 ],
   [ 3, 560, 4, 2764 ],
   [ 3, 561, 4, 2761 ],
   [ 3, 561, 4, 2762 ],
   [ 3, 561, 4, 2763 ],
   [ 3, 562, 4, 2760 ],
   [ 3, 562, 4, 2761 ],
   [ 3, 562, 4, 2762 ],
   [ 3, 563, 4, 2759 ],
   [ 3, 563, 4, 2760 ],
   [ 3, 563, 4, 2761 ],
   [ 3, 564, 4, 2758 ],
   [ 3, 564, 4, 2759 ],
   [ 3, 564, 4, 2760 ],
   [ 3, 565, 4, 2757 ],
   [ 3, 565, 4, 2758 ],
   [ 3, 565, 4, 2759 ],
   [ 3, 566, 4, 2756 ],
   [ 3, 566, 4, 2757 ],
   [ 3, 566, 4, 2758 ],
   [ 3, 567, 4, 2756 ],
   [ 3, 567, 4, 2757 ],
   [ 3, 567, 4, 2758 ],
   [ 3, 568, 4, 2757 ],
   [ 3, 568, 4, 2758 ],
   [ 3, 568, 4, 2759 ],
   [ 3, 569, 4, 2758 ],
   [ 3, 569, 4, 2759 ],
   [ 3, 569, 4, 2760 ],
   [ 3, 570, 4, 2759 ],
   [ 3, 570, 4, 2760 ],
   [ 3, 570, 4, 2761 ],
   [ 3, 571, 4, 2760 ],
   [ 3, 571, 4, 2761 ],
   [ 3, 571, 4, 2762 ],
   [ 3, 0, 4, 3325 ],
   [ 3, 0, 4, 3326 ],
   [ 3, 0, 4, 3327 ],
   [ 3, 0, 4, 3328 ],
   [ 3, 1, 4, 3324 ],
   [ 3, 1, 4, 3325 ],
   [ 3, 1, 4, 3326 ],
   [ 3, 1, 4, 3327 ],
   [ 3, 1, 4, 3328 ],
   [ 3, 1, 4, 3329 ],
   [ 3, 2, 4, 3323 ],
   [ 3, 2, 4, 3324 ],
   [ 3, 2, 4, 3325 ],
   [ 3, 2, 4, 3328 ],
   [ 3, 2, 4, 3329 ],
   [ 3, 2, 4, 3330 ],
   [ 3, 3, 4, 3322 ],
   [ 3, 3, 4, 3323 ],
   [ 3, 3, 4, 3324 ],
   [ 3, 3, 4, 3329 ],
   [ 3, 3, 4, 3330 ],
   [ 3, 3, 4, 3331 ],
   [ 3, 4, 4, 3322 ],
   [ 3, 4, 4, 3323 ],
   [ 3, 4, 4, 3330 ],
   [ 3, 4, 4, 3331 ],
   [ 3, 4, 4, 3332 ],
   [ 3, 5, 4, 3322 ],
   [ 3, 5, 4, 3331 ],
   [ 3, 5, 4, 3332 ],
   [ 3, 5, 4, 3333 ],
   [ 3, 6, 4, 3332 ],
   [ 3, 6, 4, 3333 ],
   [ 3, 6, 4, 3334 ],
   [ 3, 7, 4, 3333 ],
   [ 3, 7, 4, 3334 ],
   [ 3, 7, 4, 3335 ],
   [ 3, 8, 4, 3334 ],
   [ 3, 8, 4, 3335 ],
   [ 3, 562, 4, 2760 ],
   [ 3, 562, 4, 2761 ],
   [ 3, 563, 4, 2759 ],
   [ 3, 563, 4, 2760 ],
   [ 3, 563, 4, 2761 ],
   [ 3, 564, 4, 2758 ],
   [ 3, 564, 4, 2759 ],
   [ 3, 564, 4, 2760 ],
   [ 3, 565, 4, 2757 ],
   [ 3, 565, 4, 2758 ],
   [ 3, 565, 4, 2759 ],
   [ 3, 566, 4, 2756 ],
   [ 3, 566, 4, 2757 ],
   [ 3, 566, 4, 2758 ],
   [ 3, 567, 4, 2756 ],
   [ 3, 567, 4, 2757 ],
   [ 3, 567, 4, 2758 ],
   [ 3, 568, 4, 2757 ],
   [ 3, 568, 4, 2758 ],
   [ 3, 568, 4, 2759 ],
   [ 3, 569, 4, 2758 ],
   [ 3, 569, 4, 2759 ],
   [ 3, 569, 4, 2760 ],
   [ 3, 570, 4, 2759 ],
   [ 3, 570, 4, 2760 ],
   [ 3, 570, 4, 2761 ],
   [ 3, 571, 4, 2760 ],
   [ 3, 571, 4, 2761 ],
   [ 3, 572, 4, 2761 ],
   [ 3, 562, 4, 2760 ],
   [ 3, 562, 4, 2761 ],
   [ 3, 562, 4, 2762 ],
   [ 3, 563, 4, 2759 ],
   [ 3, 563, 4, 2760 ],
   [ 3, 563, 4, 2761 ],
   [ 3, 564, 4, 2758 ],
   [ 3, 564, 4, 2759 ],
   [ 3, 564, 4, 2760 ],
   [ 3, 565, 4, 2757 ],
   [ 3, 565, 4, 2758 ],
   [ 3, 565, 4, 2759 ],
   [ 3, 566, 4, 2756 ],
   [ 3, 566, 4, 2757 ],
   [ 3, 566, 4, 2758 ],
   [ 3, 567, 4, 2756 ],
   [ 3, 567, 4, 2757 ],
   [ 3, 567, 4, 2758 ],
   [ 3, 568, 4, 2757 ],
   [ 3, 568, 4, 2758 ],
   [ 3, 568, 4, 2759 ],
   [ 3, 569, 4, 2758 ],
   [ 3, 569, 4, 2759 ],
   [ 3, 569, 4, 2760 ],
   [ 3, 570, 4, 2759 ],
   [ 3, 570, 4, 2760 ],
   [ 3, 570, 4, 2761 ],
   [ 3, 571, 4, 2760 ],
   [ 3, 571, 4, 2761 ],
   [ 3, 571, 4, 2762 ],
   [ 3, 572, 4, 2761 ],
   [ 3, 572, 4, 2762 ],
   [ 3, 572, 4, 2763 ],
   [ 3, 573, 4, 2762 ],
   [ 3, 573, 4, 2763 ],
   [ 3, 573, 4, 2764 ],
   [ 3, 574, 4, 2763 ],
   [ 3, 574, 4, 2764 ],
   [ 3, 574, 4, 2765 ],
   [ 3, 575, 4, 2764 ],
   [ 3, 575, 4, 2765 ],
   [ 3, 575, 4, 2766 ],
   [ 3, 576, 4, 2765 ],
   [ 3, 576, 4, 2766 ],
   [ 3, 576, 4, 2767 ],
   [ 3, 577, 4, 2766 ],
   [ 3, 577, 4, 2767 ],
   [ 3, 577, 4, 2768 ],
   [ 3, 578, 4, 2767 ],
   [ 3, 578, 4, 2768 ],
   [ 3, 578, 4, 2769 ],
   [ 3, 579, 4, 2768 ],
   [ 3, 579, 4, 2769 ],
   [ 3, 579, 4, 2770 ],
   [ 3, 580, 4, 2769 ],
   [ 3, 580, 4, 2770 ],
   [ 3, 580, 4, 2771 ],
   [ 3, 581, 4, 2770 ],
   [ 3, 581, 4, 2771 ],
   [ 3, 581, 4, 2772 ],
   [ 3, 582, 4, 2771 ],
   [ 3, 582, 4, 2772 ],
   [ 3, 582, 4, 2773 ],
   [ 3, 583, 4, 2772 ],
   [ 3, 583, 4, 2773 ],
   [ 3, 583, 4, 2774 ],
   [ 3, 584, 4, 2773 ],
   [ 3, 584, 4, 2774 ],
   [ 3, 584, 4, 2775 ],
   [ 3, 585, 4, 2774 ],
   [ 3, 585, 4, 2775 ],
   [ 3, 585, 4, 2776 ],
   [ 3, 586, 4, 2775 ],
   [ 3, 586, 4, 2776 ],
   [ 3, 586, 4, 2777 ],
   [ 3, 587, 4, 2776 ],
   [ 3, 587, 4, 2777 ],
   [ 3, 587, 4, 2778 ],
   [ 3, 588, 4, 2777 ],
   [ 3, 588, 4, 2778 ],
   [ 3, 588, 4, 2779 ],
   [ 3, 589, 4, 2778 ],
   [ 3, 589, 4, 2779 ],
   [ 3, 589, 4, 2780 ],
   [ 3, 590, 4, 2779 ],
   [ 3, 590, 4, 2780 ],
   [ 3, 590, 4, 2781 ],
   [ 3, 591, 4, 2780 ],
   [ 3, 591, 4, 2781 ],
   [ 3, 591, 4, 2782 ],
   [ 3, 592, 4, 2781 ],
   [ 3, 592, 4, 2782 ],
   [ 3, 592, 4, 2783 ],
   [ 3, 593, 4, 2782 ],
   [ 3, 593, 4, 2783 ],
   [ 3, 593, 4, 2784 ],
   [ 3, 594, 4, 2783 ],
   [ 3, 594, 4, 2784 ],
   [ 3, 594, 4, 2785 ],
   [ 3, 595, 4, 2784 ],
   [ 3, 595, 4, 2785 ],
   [ 3, 595, 4, 2786 ],
   [ 3, 596, 4, 2785 ],
   [ 3, 596, 4, 2786 ],
   [ 3, 596, 4, 2787 ],
   [ 3, 597, 4, 2786 ],
   [ 3, 597, 4, 2787 ],
   [ 3, 597, 4, 2788 ],
   [ 3, 598, 4, 2787 ],
   [ 3, 598, 4, 2788 ],
   [ 3, 598, 4, 2789 ],
   [ 3, 599, 4, 2788 ],
   [ 3, 599, 4, 2789 ],
   [ 3, 599, 4, 2790 ],
   [ 3, 600, 4, 2789 ],
   [ 3, 600, 4, 2790 ],
   [ 3, 600, 4, 2791 ],
   [ 3, 601, 4, 2790 ],
   [ 3, 601, 4, 2791 ],
   [ 3, 601, 4, 2792 ],
   [ 3, 602, 4, 2791 ],
   [ 3, 602, 4, 2792 ],
   [ 3, 602, 4, 2793 ],
   [ 3, 603, 4, 2792 ],
   [ 3, 603, 4, 2793 ],
   [ 3, 603, 4, 2794 ],
   [ 3, 604, 4, 2793 ],
   [ 3, 604, 4, 2794 ],
   [ 3, 604, 4, 2795 ],
   [ 3, 605, 4, 2794 ],
   [ 3, 605, 4, 2795 ],
   [ 3, 605, 4, 2796 ],
   [ 3, 606, 4, 2795 ],
   [ 3, 606, 4, 2796 ],
   [ 3, 606, 4, 2797 ],
   [ 3, 607, 4, 2796 ],
   [ 3, 607, 4, 2797 ],
   [ 3, 607, 4, 2798 ],
   [ 3, 608, 4, 2797 ],
   [ 3, 608, 4, 2798 ],
   [ 3, 608, 4, 2799 ],
   [ 3, 609, 4, 2798 ],
   [ 3, 609, 4, 2799 ],
   [ 3, 609, 4, 2800 ],
   [ 3, 610, 4, 2799 ],
   [ 3, 610, 4, 2800 ],
   [ 3, 610, 4, 2801 ],
   [ 3, 611, 4, 2800 ],
   [ 3, 611, 4, 2801 ],
   [ 3, 611, 4, 2802 ],
   [ 3, 612, 4, 2801 ],
   [ 3, 612, 4, 2802 ],
   [ 3, 612, 4, 2803 ],
   [ 3, 613, 4, 2802 ],
   [ 3, 613, 4, 2803 ],
   [ 3, 613, 4, 2804 ],
   [ 3, 614, 4, 2803 ],
   [ 3, 614, 4, 2804 ],
   [ 3, 614, 4, 2805 ],
   [ 3, 615, 4, 2804 ],
   [ 3, 615, 4, 2805 ],
   [ 3, 615, 4, 2806 ],
   [ 3, 616, 4, 2805 ],
   [ 3, 616, 4, 2806 ],
   [ 3, 616, 4, 2807 ],
   [ 3, 617, 4, 2806 ],
   [ 3, 617, 4, 2807 ],
   [ 3, 617, 4, 2808 ],
   [ 3, 618, 4, 2807 ],
   [ 3, 618, 4, 2808 ],
   [ 3, 618, 4, 2809 ],
   [ 3, 619, 4, 2808 ],
   [ 3, 619, 4, 2809 ],
   [ 3, 619, 4, 2810 ],
   [ 3, 620, 4, 2809 ],
   [ 3, 620, 4, 2810 ],
   [ 3, 620, 4, 2811 ],
   [ 3, 621, 4, 2810 ],
   [ 3, 621, 4, 2811 ],
   [ 3, 621, 4, 2812 ],
   [ 3, 622, 4, 2811 ],
   [ 3, 622, 4, 2812 ],
   [ 3, 622, 4, 2813 ],
   [ 3, 623, 4, 2812 ],
   [ 3, 623, 4, 2813 ],
   [ 3, 623, 4, 2814 ],
   [ 3, 624, 4, 2813 ],
   [ 3, 624, 4, 2814 ],
   [ 3, 624, 4, 2815 ],
   [ 3, 625, 4, 2814 ],
   [ 3, 625, 4, 2815 ],
   [ 3, 625, 4, 2816 ],
   [ 3, 626, 4, 2815 ],
   [ 3, 626, 4, 2816 ],
   [ 3, 626, 4, 2817 ],
   [ 3, 627, 4, 2816 ],
   [ 3, 627, 4, 2817 ],
   [ 3, 627, 4, 2818 ],
   [ 3, 628, 4, 2817 ],
   [ 3, 628, 4, 2818 ],
   [ 3, 628, 4, 2819 ],
   [ 3, 629, 4, 2818 ],
   [ 3, 629, 4, 2819 ],
   [ 3, 629, 4, 2820 ],
   [ 3, 630, 4, 2819 ],
   [ 3, 630, 4, 2820 ],
   [ 3, 630, 4, 2821 ],
   [ 3, 631, 4, 2820 ],
   [ 3, 631, 4, 2821 ],
   [ 3, 631, 4, 2822 ],
   [ 3, 632, 4, 2821 ],
   [ 3, 632, 4, 2822 ],
   [ 3, 632, 4, 2823 ],
   [ 3, 633, 4, 2822 ],
   [ 3, 633, 4, 2823 ],
   [ 3, 633, 4, 2824 ],
   [ 3, 634, 4, 2823 ],
   [ 3, 634, 4, 2824 ],
   [ 3, 634, 4, 2825 ],
   [ 3, 635, 4, 2824 ],
   [ 3, 635, 4, 2825 ],
   [ 3, 635, 4, 2826 ],
   [ 3, 636, 4, 2825 ],
   [ 3, 636, 4, 2826 ],
   [ 3, 636, 4, 2827 ],
   [ 3, 637, 4, 2826 ],
   [ 3, 637, 4, 2827 ],
   [ 3, 637, 4, 2828 ],
   [ 3, 638, 4, 2827 ],
   [ 3, 638, 4, 2828 ],
   [ 3, 638, 4, 2829 ],
   [ 3, 639, 4, 2828 ],
   [ 3, 639, 4, 2829 ],
   [ 3, 639, 4, 2830 ],
   [ 3, 640, 4, 2829 ],
   [ 3, 640, 4, 2830 ],
   [ 3, 640, 4, 2831 ],
   [ 3, 641, 4, 2830 ],
   [ 3, 641, 4, 2831 ],
   [ 3, 641, 4, 2832 ],
   [ 3, 642, 4, 2831 ],
   [ 3, 642, 4, 2832 ],
   [ 3, 642, 4, 2833 ],
   [ 3, 643, 4, 2832 ],
   [ 3, 643, 4, 2833 ],
   [ 3, 643, 4, 2834 ],
   [ 3, 644, 4, 2833 ],
   [ 3, 644, 4, 2834 ],
   [ 3, 644, 4, 2835 ],
   [ 3, 645, 4, 2834 ],
   [ 3, 645, 4, 2835 ],
   [ 3, 645, 4, 2836 ],
   [ 3, 646, 4, 2835 ],
   [ 3, 646, 4, 2836 ],
   [ 3, 646, 4, 2837 ],
   [ 3, 647, 4, 2836 ],
   [ 3, 647, 4, 2837 ],
   [ 3, 647, 4, 2838 ],
   [ 3, 648, 4, 2837 ],
   [ 3, 648, 4, 2838 ],
   [ 3, 648, 4, 2839 ],
   [ 3, 649, 4, 2838 ],
   [ 3, 649, 4, 2839 ],
   [ 3, 649, 4, 2840 ],
   [ 3, 650, 4, 2839 ],
   [ 3, 650, 4, 2840 ],
   [ 3, 650, 4, 2841 ],
   [ 3, 651, 4, 2840 ],
   [ 3, 651, 4, 2841 ],
   [ 3, 651, 4, 2842 ],
   [ 3, 652, 4, 2841 ],
   [ 3, 652, 4, 2842 ],
   [ 3, 652, 4, 2843 ],
   [ 3, 653, 4, 2842 ],
   [ 3, 653, 4, 2843 ],
   [ 3, 653, 4, 2844 ],
   [ 3, 654, 4, 2843 ],
   [ 3, 654, 4, 2844 ],
   [ 3, 654, 4, 2845 ],
   [ 3, 655, 4, 2844 ],
   [ 3, 655, 4, 2845 ],
   [ 3, 655, 4, 2846 ],
   [ 3, 656, 4, 2845 ],
   [ 3, 656, 4, 2846 ],
   [ 3, 656, 4, 2847 ],
   [ 3, 657, 4, 2846 ],
   [ 3, 657, 4, 2847 ],
   [ 3, 657, 4, 2848 ],
   [ 3, 658, 4, 2847 ],
   [ 3, 658, 4, 2848 ],
   [ 3, 658, 4, 2849 ],
   [ 3, 659, 4, 2848 ],
   [ 3, 659, 4, 2849 ],
   [ 3, 659, 4, 2850 ],
   [ 3, 660, 4, 2849 ],
   [ 3, 660, 4, 2850 ],
   [ 3, 660, 4, 2851 ],
   [ 3, 661, 4, 2850 ],
   [ 3, 661, 4, 2851 ],
   [ 3, 661, 4, 2852 ],
   [ 3, 662, 4, 2851 ],
   [ 3, 662, 4, 2852 ],
   [ 3, 662, 4, 2853 ],
   [ 3, 663, 4, 2852 ],
   [ 3, 663, 4, 2853 ],
   [ 3, 663, 4, 2854 ],
   [ 3, 664, 4, 2853 ],
   [ 3, 664, 4, 2854 ],
   [ 3, 664, 4, 2855 ],
   [ 3, 665, 4, 2854 ],
   [ 3, 665, 4, 2855 ],
   [ 3, 665, 4, 2856 ],
   [ 3, 666, 4, 2855 ],
   [ 3, 666, 4, 2856 ],
   [ 3, 666, 4, 2857 ],
   [ 3, 667, 4, 2856 ],
   [ 3, 667, 4, 2857 ],
   [ 3, 667, 4, 2858 ],
   [ 3, 668, 4, 2857 ],
   [ 3, 668, 4, 2858 ],
   [ 3, 668, 4, 2859 ],
   [ 3, 669, 4, 2858 ],
   [ 3, 669, 4, 2859 ],
   [ 3, 669, 4, 2860 ],
   [ 3, 670, 4, 2859 ],
   [ 3, 670, 4, 2860 ],
   [ 3, 670, 4, 2861 ],
   [ 3, 671, 4, 2860 ],
   [ 3, 671, 4, 2861 ],
   [ 3, 671, 4, 2862 ],
   [ 3, 672, 4, 2861 ],
   [ 3, 672, 4, 2862 ],
   [ 3, 672, 4, 2863 ],
   [ 3, 673, 4, 2862 ],
   [ 3, 673, 4, 2863 ],
   [ 3, 673, 4, 2864 ],
   [ 3, 674, 4, 2863 ],
   [ 3, 674, 4, 2864 ],
   [ 3, 674, 4, 2865 ],
   [ 3, 675, 4, 2864 ],
   [ 3, 675, 4, 2865 ],
   [ 3, 675, 4, 2866 ],
   [ 3, 676, 4, 2865 ],
   [ 3, 676, 4, 2866 ],
   [ 3, 676, 4, 2867 ],
   [ 3, 677, 4, 2866 ],
   [ 3, 677, 4, 2867 ],
   [ 3, 677, 4, 2868 ],
   [ 3, 678, 4, 2867 ],
   [ 3, 678, 4, 2868 ],
   [ 3, 678, 4, 2869 ],
   [ 3, 679, 4, 2868 ],
   [ 3, 679, 4, 2869 ],
   [ 3, 679, 4, 2870 ],
   [ 3, 680, 4, 2869 ],
   [ 3, 680, 4, 2870 ],
   [ 3, 680, 4, 2871 ],
   [ 3, 681, 4, 2870 ],
   [ 3, 681, 4, 2871 ],
   [ 3, 681, 4, 2872 ],
   [ 3, 682, 4, 2871 ],
   [ 3, 682, 4, 2872 ],
   [ 3, 682, 4, 2873 ],
   [ 3, 683, 4, 2872 ],
   [ 3, 683, 4, 2873 ],
   [ 3, 683, 4, 2874 ],
   [ 3, 684, 4, 2873 ],
   [ 3, 684, 4, 2874 ],
   [ 3, 684, 4, 2875 ],
   [ 3, 685, 4, 2874 ],
   [ 3, 685, 4, 2875 ],
   [ 3, 685, 4, 2876 ],
   [ 3, 686, 4, 2875 ],
   [ 3, 686, 4, 2876 ],
   [ 3, 686, 4, 2877 ],
   [ 3, 687, 4, 2876 ],
   [ 3, 687, 4, 2877 ],
   [ 3, 687, 4, 2878 ],
   [ 3, 688, 4, 2877 ],
   [ 3, 688, 4, 2878 ],
   [ 3, 688, 4, 2879 ],
   [ 3, 689, 4, 2878 ],
   [ 3, 689, 4, 2879 ],
   [ 3, 689, 4, 2880 ],
   [ 3, 690, 4, 2879 ],
   [ 3, 690, 4, 2880 ],
   [ 3, 690, 4, 2881 ],
   [ 3, 691, 4, 2880 ],
   [ 3, 691, 4, 2881 ],
   [ 3, 691, 4, 2882 ],
   [ 3, 692, 4, 2881 ],
   [ 3, 692, 4, 2882 ],
   [ 3, 692, 4, 2883 ],
   [ 3, 693, 4, 2882 ],
   [ 3, 693, 4, 2883 ],
   [ 3, 693, 4, 2884 ],
   [ 3, 694, 4, 2883 ],
   [ 3, 694, 4, 2884 ],
   [ 3, 694, 4, 2885 ],
   [ 3, 695, 4, 2884 ],
   [ 3, 695, 4, 2885 ],
   [ 3, 695, 4, 2886 ],
   [ 3, 696, 4, 2885 ],
   [ 3, 696, 4, 2886 ],
   [ 3, 696, 4, 2887 ],
   [ 3, 697, 4, 2886 ],
   [ 3, 697, 4, 2887 ],
   [ 3, 697, 4, 2888 ],
   [ 3, 698, 4, 2887 ],
   [ 3, 698, 4, 2888 ],
   [ 3, 698, 4, 2889 ],
   [ 3, 699, 4, 2888 ],
   [ 3, 699, 4, 2889 ],
   [ 3, 699, 4, 2890 ],
   [ 3, 700, 4, 2889 ],
   [ 3, 700, 4, 2890 ],
   [ 3, 700, 4, 2891 ],
   [ 3, 701, 4, 2890 ],
   [ 3, 701, 4, 2891 ],
   [ 3, 701, 4, 2892 ],
   [ 3, 702, 4, 2891 ],
   [ 3, 702, 4, 2892 ],
   [ 3, 702, 4, 2893 ],
   [ 3, 703, 4, 2892 ],
   [ 3, 703, 4, 2893 ],
   [ 3, 703, 4, 2894 ],
   [ 3, 704, 4, 2893 ],
   [ 3, 704, 4, 2894 ],
   [ 3, 704, 4, 2895 ],
   [ 3, 705, 4, 2894 ],
   [ 3, 705, 4, 2895 ],
   [ 3, 705, 4, 2896 ],
   [ 3, 706, 4, 2895 ],
   [ 3, 706, 4, 2896 ],
   [ 3, 706, 4, 2897 ],
   [ 3, 707, 4, 2896 ],
   [ 3, 707, 4, 2897 ],
   [ 3, 707, 4, 2898 ],
   [ 3, 708, 4, 2897 ],
   [ 3, 708, 4, 2898 ],
   [ 3, 708, 4, 2899 ],
   [ 3, 709, 4, 2898 ],
   [ 3, 709, 4, 2899 ],
   [ 3, 709, 4, 2900 ],
   [ 3, 710, 4, 2899 ],
   [ 3, 710, 4, 2900 ],
   [ 3, 710, 4, 2901 ],
   [ 3, 711, 4, 2900 ],
   [ 3, 711, 4, 2901 ],
   [ 3, 711, 4, 2902 ],
   [ 3, 712, 4, 2901 ],
   [ 3, 712, 4, 2902 ],
   [ 3, 712, 4, 2903 ],
   [ 3, 713, 4, 2902 ],
   [ 3, 713, 4, 2903 ],
   [ 3, 713, 4, 2904 ],
   [ 3, 714, 4, 2903 ],
   [ 3, 714, 4, 2904 ],
   [ 3, 714, 4, 2905 ],
   [ 3, 715, 4, 2904 ],
   [ 3, 715, 4, 2905 ],
   [ 3, 715, 4, 2906 ],
   [ 3, 716, 4, 2905 ],
   [ 3, 716, 4, 2906 ],
   [ 3, 716, 4, 2907 ],
   [ 3, 717, 4, 2906 ],
   [ 3, 717, 4, 2907 ],
   [ 3, 717, 4, 2908 ],
   [ 3, 718, 4, 2907 ],
   [ 3, 718, 4, 2908 ],
   [ 3, 718, 4, 2909 ],
   [ 3, 719, 4, 2908 ],
   [ 3, 719, 4, 2909 ],
   [ 3, 719, 4, 2910 ],
   [ 3, 720, 4, 2909 ],
   [ 3, 720, 4, 2910 ],
   [ 3, 720, 4, 2911 ],
   [ 3, 721, 4, 2910 ],
   [ 3, 721, 4, 2911 ],
   [ 3, 721, 4, 2912 ],
   [ 3, 722, 4, 2911 ],
   [ 3, 722, 4, 2912 ],
   [ 3, 722, 4, 2913 ],
   [ 3, 723, 4, 2912 ],
   [ 3, 723, 4, 2913 ],
   [ 3, 723, 4, 2914 ],
   [ 3, 724, 4, 2913 ],
   [ 3, 724, 4, 2914 ],
   [ 3, 724, 4, 2915 ],
   [ 3, 725, 4, 2914 ],
   [ 3, 725, 4, 2915 ],
   [ 3, 725, 4, 2916 ],
   [ 3, 726, 4, 2915 ],
   [ 3, 726, 4, 2916 ],
   [ 3, 726, 4, 2917 ],
   [ 3, 727, 4, 2916 ],
   [ 3, 727, 4, 2917 ],
   [ 3, 727, 4, 2918 ],
   [ 3, 728, 4, 2917 ],
   [ 3, 728, 4, 2918 ],
   [ 3, 728, 4, 2919 ],
   [ 3, 729, 4, 2918 ],
   [ 3, 729, 4, 2919 ],
   [ 3, 729, 4, 2920 ],
   [ 3, 730, 4, 2919 ],
   [ 3, 730, 4, 2920 ],
   [ 3, 730, 4, 2921 ],
   [ 3, 731, 4, 2920 ],
   [ 3, 731, 4, 2921 ],
   [ 3, 731, 4, 2922 ],
   [ 3, 732, 4, 2921 ],
   [ 3, 732, 4, 2922 ],
   [ 3, 732, 4, 2923 ],
   [ 3, 733, 4, 2922 ],
   [ 3, 733, 4, 2923 ],
   [ 3, 733, 4, 2924 ],
   [ 3, 734, 4, 2923 ],
   [ 3, 734, 4, 2924 ],
   [ 3, 734, 4, 2925 ],
   [ 3, 735, 4, 2924 ],
   [ 3, 735, 4, 2925 ],
   [ 3, 735, 4, 2926 ],
   [ 3, 736, 4, 2925 ],
   [ 3, 736, 4, 2926 ],
   [ 3, 736, 4, 2927 ],
   [ 3, 737, 4, 2926 ],
   [ 3, 737, 4, 2927 ],
   [ 3, 737, 4, 2928 ],
   [ 3, 738, 4, 2927 ],
   [ 3, 738, 4, 2928 ],
   [ 3, 738, 4, 2929 ],
   [ 3, 739, 4, 2928 ],
   [ 3, 739, 4, 2929 ],
   [ 3, 739, 4, 2930 ],
   [ 3, 740, 4, 2929 ],
   [ 3, 740, 4, 2930 ],
   [ 3, 740, 4, 2931 ],
   [ 3, 741, 4, 2930 ],
   [ 3, 741, 4, 2931 ],
   [ 3, 741, 4, 2932 ],
   [ 3, 742, 4, 2931 ],
   [ 3, 742, 4, 2932 ],
   [ 3, 742, 4, 2933 ],
   [ 3, 743, 4, 2932 ],
   [ 3, 743, 4, 2933 ],
   [ 3, 743, 4, 2934 ],
   [ 3, 744, 4, 2933 ],
   [ 3, 744, 4, 2934 ],
   [ 3, 744, 4, 2935 ],
   [ 3, 745, 4, 2934 ],
   [ 3, 745, 4, 2935 ],
   [ 3, 745, 4, 2936 ],
   [ 3, 746, 4, 2935 ],
   [ 3, 746, 4, 2936 ],
   [ 3, 746, 4, 2937 ],
   [ 3, 747, 4, 2936 ],
   [ 3, 747, 4, 2937 ],
   [ 3, 747, 4, 2938 ],
   [ 3, 748, 4, 2937 ],
   [ 3, 748, 4, 2938 ],
   [ 3, 748, 4, 2939 ],
   [ 3, 749, 4, 2938 ],
   [ 3, 749, 4, 2939 ],
   [ 3, 749, 4, 2940 ],
   [ 3, 750, 4, 2939 ],
   [ 3, 750, 4, 2940 ],
   [ 3, 750, 4, 2941 ],
   [ 3, 751, 4, 2940 ],
   [ 3, 751, 4, 2941 ],
   [ 3, 751, 4, 2942 ],
   [ 3, 752, 4, 2941 ],
   [ 3, 752, 4, 2942 ],
   [ 3, 752, 4, 2943 ],
   [ 3, 753, 4, 2942 ],
   [ 3, 753, 4, 2943 ],
   [ 3, 753, 4, 2944 ],
   [ 3, 754, 4, 2943 ],
   [ 3, 754, 4, 2944 ],
   [ 3, 754, 4, 2945 ],
   [ 3, 755, 4, 2944 ],
   [ 3, 755, 4, 2945 ],
   [ 3, 755, 4, 2946 ],
   [ 3, 756, 4, 2945 ],
   [ 3, 756, 4, 2946 ],
   [ 3, 756, 4, 2947 ],
   [ 3, 757, 4, 2946 ],
   [ 3, 757, 4, 2947 ],
   [ 3, 757, 4, 2948 ],
   [ 3, 758, 4, 2947 ],
   [ 3, 758, 4, 2948 ],
   [ 3, 758, 4, 2949 ],
   [ 3, 749, 4, 2938 ],
   [ 3, 749, 4, 2939 ],
   [ 3, 749, 4, 2940 ],
   [ 3, 750, 4, 2939 ],
   [ 3, 750, 4, 2940 ],
   [ 3, 750, 4, 2941 ],
   [ 3, 751, 4, 2940 ],
   [ 3, 751, 4, 2941 ],
   [ 3, 751, 4, 2942 ],
   [ 3, 752, 4, 2941 ],
   [ 3, 752, 4, 2942 ],
   [ 3, 752, 4, 2943 ],
   [ 3, 753, 4, 2942 ],
   [ 3, 753, 4, 2943 ],
   [ 3, 753, 4, 2944 ],
   [ 3, 754, 4, 2943 ],
   [ 3, 754, 4, 2944 ],
   [ 3, 754, 4, 2945 ],
   [ 3, 755, 4, 2944 ],
   [ 3, 755, 4, 2945 ],
   [ 3, 755, 4, 2946 ],
   [ 3, 756, 4, 2945 ],
   [ 3, 756, 4, 2946 ],
   [ 3, 756, 4, 2947 ],
   [ 3, 757, 4, 2946 ],
   [ 3, 757, 4, 2947 ],
   [ 3, 757, 4, 2948 ],
   [ 3, 758, 4, 2947 ],
   [ 3, 758, 4, 2948 ],
   [ 3, 758, 4, 2949 ],
   [ 3, 759, 4, 2948 ],
   [ 3, 759, 4, 2949 ],
   [ 3, 759, 4, 2950 ],
   [ 3, 760, 4, 2949 ],
   [ 3, 760, 4, 2950 ],
   [ 3, 760, 4, 2951 ],
   [ 3, 761, 4, 2950 ],
   [ 3, 761, 4, 2951 ],
   [ 3, 761, 4, 2952 ],
   [ 3, 762, 4, 2951 ],
   [ 3, 762, 4, 2952 ],
   [ 3, 762, 4, 2953 ],
   [ 3, 763, 4, 2952 ],
   [ 3, 763, 4, 2953 ],
   [ 3, 763, 4, 2954 ],
   [ 3, 764, 4, 2953 ],
   [ 3, 764, 4, 2954 ],
   [ 3, 764, 4, 2955 ],
   [ 3, 765, 4, 2954 ],
   [ 3, 765, 4, 2955 ],
   [ 3, 765, 4, 2956 ],
   [ 3, 766, 4, 2955 ],
   [ 3, 766, 4, 2956 ],
   [ 3, 766, 4, 2957 ],
   [ 3, 767, 4, 2956 ],
   [ 3, 767, 4, 2957 ],
   [ 3, 767, 4, 2958 ],
   [ 3, 768, 4, 2958 ],
   [ 3, 768, 4, 2959 ],
   [ 3, 768, 4, 2960 ],
   [ 3, 769, 4, 2959 ],
   [ 3, 769, 4, 2960 ],
   [ 3, 769, 4, 2961 ],
   [ 3, 770, 4, 2960 ],
   [ 3, 770, 4, 2961 ],
   [ 3, 770, 4, 2962 ],
   [ 3, 771, 4, 2961 ],
   [ 3, 771, 4, 2962 ],
   [ 3, 771, 4, 2963 ],
   [ 3, 772, 4, 2962 ],
   [ 3, 772, 4, 2963 ],
   [ 3, 772, 4, 2964 ],
   [ 3, 773, 4, 2963 ],
   [ 3, 773, 4, 2964 ]
]
