[
   [ 0, 122, 3, 4427 ],
   [ 0, 122, 3, 4428 ],
   [ 0, 123, 3, 4427 ],
   [ 0, 123, 3, 4428 ],
   [ 0, 123, 3, 4429 ],
   [ 0, 123, 3, 4430 ],
   [ 0, 123, 3, 4435 ],
   [ 0, 123, 3, 4436 ],
   [ 0, 124, 3, 4429 ],
   [ 0, 124, 3, 4430 ],
   [ 0, 124, 3, 4431 ],
   [ 0, 124, 3, 4435 ],
   [ 0, 124, 3, 4436 ],
   [ 0, 125, 3, 4430 ],
   [ 0, 125, 3, 4431 ],
   [ 0, 125, 3, 4432 ],
   [ 0, 125, 3, 4433 ],
   [ 0, 125, 3, 4434 ],
   [ 0, 125, 3, 4435 ],
   [ 0, 126, 3, 4431 ],
   [ 0, 126, 3, 4432 ],
   [ 0, 126, 3, 4433 ],
   [ 0, 126, 3, 4434 ],
   [ 0, 127, 3, 4431 ],
   [ 0, 127, 3, 4432 ],
   [ 0, 127, 3, 4433 ],
   [ 0, 127, 3, 4434 ],
   [ 0, 128, 3, 4431 ],
   [ 0, 128, 3, 4432 ],
   [ 0, 128, 3, 4433 ],
   [ 0, 128, 3, 4434 ],
   [ 0, 83, 3, 4478 ],
   [ 0, 122, 3, 4428 ],
   [ 0, 123, 3, 4428 ],
   [ 0, 123, 3, 4429 ],
   [ 0, 123, 3, 4430 ],
   [ 0, 123, 3, 4435 ],
   [ 0, 123, 3, 4436 ],
   [ 0, 124, 3, 4429 ],
   [ 0, 124, 3, 4430 ],
   [ 0, 124, 3, 4431 ],
   [ 0, 124, 3, 4435 ],
   [ 0, 124, 3, 4436 ],
   [ 0, 125, 3, 4430 ],
   [ 0, 125, 3, 4431 ],
   [ 0, 125, 3, 4432 ],
   [ 0, 125, 3, 4433 ],
   [ 0, 125, 3, 4434 ],
   [ 0, 125, 3, 4435 ],
   [ 0, 126, 3, 4431 ],
   [ 0, 126, 3, 4432 ],
   [ 0, 126, 3, 4433 ],
   [ 0, 126, 3, 4434 ],
   [ 0, 127, 3, 4431 ],
   [ 0, 127, 3, 4432 ],
   [ 0, 127, 3, 4433 ],
   [ 0, 127, 3, 4434 ],
   [ 0, 128, 3, 4431 ],
   [ 0, 128, 3, 4432 ],
   [ 0, 128, 3, 4433 ],
   [ 0, 128, 3, 4434 ],
   [ 0, 122, 3, 4427 ],
   [ 0, 122, 3, 4428 ],
   [ 0, 123, 3, 4427 ],
   [ 0, 123, 3, 4428 ],
   [ 0, 123, 3, 4429 ],
   [ 0, 123, 3, 4430 ],
   [ 0, 123, 3, 4435 ],
   [ 0, 123, 3, 4436 ],
   [ 0, 124, 3, 4429 ],
   [ 0, 124, 3, 4430 ],
   [ 0, 124, 3, 4431 ],
   [ 0, 124, 3, 4435 ],
   [ 0, 124, 3, 4436 ],
   [ 0, 125, 3, 4430 ],
   [ 0, 125, 3, 4431 ],
   [ 0, 125, 3, 4432 ],
   [ 0, 125, 3, 4433 ],
   [ 0, 125, 3, 4434 ],
   [ 0, 125, 3, 4435 ],
   [ 0, 126, 3, 4431 ],
   [ 0, 126, 3, 4432 ],
   [ 0, 126, 3, 4433 ],
   [ 0, 126, 3, 4434 ],
   [ 0, 127, 3, 4431 ],
   [ 0, 127, 3, 4432 ],
   [ 0, 127, 3, 4433 ],
   [ 0, 127, 3, 4434 ],
   [ 0, 128, 3, 4431 ],
   [ 0, 128, 3, 4432 ],
   [ 0, 128, 3, 4433 ],
   [ 0, 128, 3, 4434 ],
   [ 0, 122, 3, 4428 ],
   [ 0, 123, 3, 4428 ],
   [ 0, 123, 3, 4429 ],
   [ 0, 123, 3, 4430 ],
   [ 0, 123, 3, 4435 ],
   [ 0, 123, 3, 4436 ],
   [ 0, 124, 3, 4429 ],
   [ 0, 124, 3, 4430 ],
   [ 0, 124, 3, 4431 ],
   [ 0, 124, 3, 4435 ],
   [ 0, 124, 3, 4436 ],
   [ 0, 125, 3, 4430 ],
   [ 0, 125, 3, 4431 ],
   [ 0, 125, 3, 4432 ],
   [ 0, 125, 3, 4433 ],
   [ 0, 125, 3, 4434 ],
   [ 0, 125, 3, 4435 ],
   [ 0, 126, 3, 4431 ],
   [ 0, 126, 3, 4432 ],
   [ 0, 126, 3, 4433 ],
   [ 0, 126, 3, 4434 ],
   [ 0, 127, 3, 4431 ],
   [ 0, 127, 3, 4432 ],
   [ 0, 127, 3, 4433 ],
   [ 0, 127, 3, 4434 ],
   [ 0, 128, 3, 4431 ],
   [ 0, 128, 3, 4432 ],
   [ 0, 128, 3, 4433 ],
   [ 0, 128, 3, 4434 ],
   [ 0, 512, 3, 4325 ],
   [ 0, 900, 3, 4325 ],
   [ 0, 2350, 3, 566 ],
   [ 0, 2350, 3, 567 ],
   [ 0, 2351, 3, 565 ],
   [ 0, 2351, 3, 566 ],
   [ 0, 2351, 3, 567 ],
   [ 0, 2351, 3, 568 ],
   [ 0, 2352, 3, 564 ],
   [ 0, 2352, 3, 565 ],
   [ 0, 2352, 3, 566 ],
   [ 0, 2352, 3, 567 ],
   [ 0, 2352, 3, 568 ],
   [ 0, 2352, 3, 569 ],
   [ 0, 2353, 3, 563 ],
   [ 0, 2353, 3, 564 ],
   [ 0, 2353, 3, 565 ],
   [ 0, 2353, 3, 568 ],
   [ 0, 2353, 3, 569 ],
   [ 0, 2353, 3, 570 ],
   [ 0, 2354, 3, 562 ],
   [ 0, 2354, 3, 563 ],
   [ 0, 2354, 3, 564 ],
   [ 0, 2354, 3, 569 ],
   [ 0, 2354, 3, 570 ],
   [ 0, 2354, 3, 571 ],
   [ 0, 2355, 3, 561 ],
   [ 0, 2355, 3, 562 ],
   [ 0, 2355, 3, 563 ],
   [ 0, 2355, 3, 570 ],
   [ 0, 2355, 3, 571 ],
   [ 0, 2350, 3, 566 ],
   [ 0, 2350, 3, 567 ],
   [ 0, 2351, 3, 565 ],
   [ 0, 2351, 3, 566 ],
   [ 0, 2351, 3, 567 ],
   [ 0, 2351, 3, 568 ],
   [ 0, 2352, 3, 564 ],
   [ 0, 2352, 3, 565 ],
   [ 0, 2352, 3, 566 ],
   [ 0, 2352, 3, 567 ],
   [ 0, 2352, 3, 568 ],
   [ 0, 2352, 3, 569 ],
   [ 0, 2353, 3, 563 ],
   [ 0, 2353, 3, 564 ],
   [ 0, 2353, 3, 565 ],
   [ 0, 2353, 3, 568 ],
   [ 0, 2353, 3, 569 ],
   [ 0, 2353, 3, 570 ],
   [ 0, 2354, 3, 562 ],
   [ 0, 2354, 3, 563 ],
   [ 0, 2354, 3, 564 ],
   [ 0, 2354, 3, 569 ],
   [ 0, 2354, 3, 570 ],
   [ 0, 2354, 3, 571 ],
   [ 0, 2355, 3, 562 ],
   [ 0, 2355, 3, 563 ],
   [ 0, 2355, 3, 570 ],
   [ 0, 2355, 3, 571 ],
   [ 0, 2355, 3, 572 ],
   [ 0, 2350, 3, 566 ],
   [ 0, 2350, 3, 567 ],
   [ 0, 2351, 3, 565 ],
   [ 0, 2351, 3, 566 ],
   [ 0, 2351, 3, 567 ],
   [ 0, 2351, 3, 568 ],
   [ 0, 2352, 3, 564 ],
   [ 0, 2352, 3, 565 ],
   [ 0, 2352, 3, 566 ],
   [ 0, 2352, 3, 567 ],
   [ 0, 2352, 3, 568 ],
   [ 0, 2352, 3, 569 ],
   [ 0, 2353, 3, 563 ],
   [ 0, 2353, 3, 564 ],
   [ 0, 2353, 3, 565 ],
   [ 0, 2353, 3, 568 ],
   [ 0, 2353, 3, 569 ],
   [ 0, 2353, 3, 570 ],
   [ 0, 2354, 3, 562 ],
   [ 0, 2354, 3, 563 ],
   [ 0, 2354, 3, 564 ],
   [ 0, 2354, 3, 569 ],
   [ 0, 2354, 3, 570 ],
   [ 0, 2354, 3, 571 ],
   [ 0, 2355, 3, 561 ],
   [ 0, 2355, 3, 562 ],
   [ 0, 2355, 3, 563 ],
   [ 0, 2355, 3, 570 ],
   [ 0, 2355, 3, 571 ],
   [ 0, 2356, 3, 560 ],
   [ 0, 2356, 3, 561 ],
   [ 0, 2356, 3, 562 ],
   [ 0, 2356, 3, 571 ],
   [ 0, 2357, 3, 560 ],
   [ 0, 2357, 3, 561 ],
   [ 0, 2358, 3, 559 ],
   [ 0, 2358, 3, 560 ],
   [ 0, 2359, 3, 558 ],
   [ 0, 2359, 3, 559 ],
   [ 0, 2360, 3, 558 ],
   [ 0, 2360, 3, 559 ],
   [ 0, 2361, 3, 557 ],
   [ 0, 2361, 3, 558 ],
   [ 0, 2362, 3, 556 ],
   [ 0, 2362, 3, 557 ],
   [ 0, 2363, 3, 554 ],
   [ 0, 2363, 3, 555 ],
   [ 0, 2363, 3, 556 ],
   [ 0, 2364, 3, 554 ],
   [ 0, 2364, 3, 555 ],
   [ 0, 2365, 3, 553 ],
   [ 0, 2365, 3, 554 ],
   [ 0, 2366, 3, 552 ],
   [ 0, 2366, 3, 553 ],
   [ 0, 2366, 3, 554 ],
   [ 0, 2367, 3, 551 ],
   [ 0, 2367, 3, 552 ],
   [ 0, 2367, 3, 553 ],
   [ 0, 2368, 3, 550 ],
   [ 0, 2368, 3, 551 ],
   [ 0, 2368, 3, 552 ],
   [ 0, 2369, 3, 549 ],
   [ 0, 2369, 3, 550 ],
   [ 0, 2369, 3, 551 ],
   [ 0, 2370, 3, 548 ],
   [ 0, 2370, 3, 549 ],
   [ 0, 2370, 3, 550 ],
   [ 0, 2371, 3, 547 ],
   [ 0, 2371, 3, 548 ],
   [ 0, 2371, 3, 549 ],
   [ 0, 2372, 3, 546 ],
   [ 0, 2372, 3, 547 ],
   [ 0, 2372, 3, 548 ],
   [ 0, 2373, 3, 545 ],
   [ 0, 2373, 3, 546 ],
   [ 0, 2373, 3, 547 ],
   [ 0, 2374, 3, 544 ],
   [ 0, 2374, 3, 545 ],
   [ 0, 2374, 3, 546 ],
   [ 0, 2375, 3, 543 ],
   [ 0, 2375, 3, 544 ],
   [ 0, 2375, 3, 545 ],
   [ 0, 2376, 3, 542 ],
   [ 0, 2376, 3, 543 ],
   [ 0, 2376, 3, 544 ],
   [ 0, 2377, 3, 541 ],
   [ 0, 2377, 3, 542 ],
   [ 0, 2377, 3, 543 ],
   [ 0, 2378, 3, 540 ],
   [ 0, 2378, 3, 541 ],
   [ 0, 2378, 3, 542 ],
   [ 0, 2379, 3, 539 ],
   [ 0, 2379, 3, 540 ],
   [ 0, 2379, 3, 541 ],
   [ 0, 2380, 3, 538 ],
   [ 0, 2380, 3, 539 ],
   [ 0, 2380, 3, 540 ],
   [ 0, 2381, 3, 537 ],
   [ 0, 2381, 3, 538 ],
   [ 0, 2381, 3, 539 ],
   [ 0, 2382, 3, 536 ],
   [ 0, 2382, 3, 537 ],
   [ 0, 2382, 3, 538 ],
   [ 0, 2383, 3, 535 ],
   [ 0, 2383, 3, 536 ],
   [ 0, 2383, 3, 537 ],
   [ 0, 2384, 3, 534 ],
   [ 0, 2384, 3, 535 ],
   [ 0, 2384, 3, 536 ],
   [ 0, 2385, 3, 533 ],
   [ 0, 2385, 3, 534 ],
   [ 0, 2385, 3, 535 ],
   [ 0, 2386, 3, 532 ],
   [ 0, 2386, 3, 533 ],
   [ 0, 2386, 3, 534 ],
   [ 0, 2387, 3, 531 ],
   [ 0, 2387, 3, 532 ],
   [ 0, 2387, 3, 533 ],
   [ 0, 2388, 3, 530 ],
   [ 0, 2388, 3, 531 ],
   [ 0, 2388, 3, 532 ],
   [ 0, 2389, 3, 529 ],
   [ 0, 2389, 3, 530 ],
   [ 0, 2389, 3, 531 ],
   [ 0, 2390, 3, 528 ],
   [ 0, 2390, 3, 529 ],
   [ 0, 2390, 3, 530 ],
   [ 0, 2391, 3, 527 ],
   [ 0, 2391, 3, 528 ],
   [ 0, 2391, 3, 529 ],
   [ 0, 2392, 3, 526 ],
   [ 0, 2392, 3, 527 ],
   [ 0, 2392, 3, 528 ],
   [ 0, 2393, 3, 525 ],
   [ 0, 2393, 3, 526 ],
   [ 0, 2393, 3, 527 ],
   [ 0, 2394, 3, 524 ],
   [ 0, 2394, 3, 525 ],
   [ 0, 2394, 3, 526 ],
   [ 0, 2395, 3, 523 ],
   [ 0, 2395, 3, 524 ],
   [ 0, 2395, 3, 525 ],
   [ 0, 2396, 3, 522 ],
   [ 0, 2396, 3, 523 ],
   [ 0, 2396, 3, 524 ],
   [ 0, 2397, 3, 521 ],
   [ 0, 2397, 3, 522 ],
   [ 0, 2397, 3, 523 ],
   [ 0, 2398, 3, 520 ],
   [ 0, 2398, 3, 521 ],
   [ 0, 2398, 3, 522 ],
   [ 0, 2399, 3, 519 ],
   [ 0, 2399, 3, 520 ],
   [ 0, 2399, 3, 521 ],
   [ 0, 2400, 3, 518 ],
   [ 0, 2400, 3, 519 ],
   [ 0, 2400, 3, 520 ],
   [ 0, 2401, 3, 516 ],
   [ 0, 2401, 3, 517 ],
   [ 0, 2401, 3, 518 ],
   [ 0, 2401, 3, 519 ],
   [ 0, 2402, 3, 515 ],
   [ 0, 2402, 3, 516 ],
   [ 0, 2402, 3, 517 ],
   [ 0, 2403, 3, 513 ],
   [ 0, 2403, 3, 514 ],
   [ 0, 2403, 3, 515 ],
   [ 0, 2403, 3, 516 ],
   [ 0, 2404, 3, 513 ],
   [ 0, 2404, 3, 514 ],
   [ 0, 2407, 3, 512 ],
   [ 0, 2407, 3, 513 ],
   [ 0, 2408, 3, 512 ],
   [ 0, 2408, 3, 513 ],
   [ 0, 2350, 3, 566 ],
   [ 0, 2350, 3, 567 ],
   [ 0, 2351, 3, 565 ],
   [ 0, 2351, 3, 566 ],
   [ 0, 2351, 3, 567 ],
   [ 0, 2351, 3, 568 ],
   [ 0, 2352, 3, 564 ],
   [ 0, 2352, 3, 565 ],
   [ 0, 2352, 3, 566 ],
   [ 0, 2352, 3, 567 ],
   [ 0, 2352, 3, 568 ],
   [ 0, 2352, 3, 569 ],
   [ 0, 2353, 3, 563 ],
   [ 0, 2353, 3, 564 ],
   [ 0, 2353, 3, 565 ],
   [ 0, 2353, 3, 568 ],
   [ 0, 2353, 3, 569 ],
   [ 0, 2353, 3, 570 ],
   [ 0, 2354, 3, 562 ],
   [ 0, 2354, 3, 563 ],
   [ 0, 2354, 3, 564 ],
   [ 0, 2354, 3, 569 ],
   [ 0, 2354, 3, 570 ],
   [ 0, 2354, 3, 571 ],
   [ 0, 2355, 3, 562 ],
   [ 0, 2355, 3, 563 ],
   [ 0, 2355, 3, 570 ],
   [ 0, 2355, 3, 571 ],
   [ 0, 2355, 3, 572 ],
   [ 0, 2356, 3, 562 ],
   [ 0, 2356, 3, 571 ],
   [ 0, 2356, 3, 572 ],
   [ 0, 2356, 3, 573 ],
   [ 0, 2357, 3, 572 ],
   [ 0, 2357, 3, 573 ],
   [ 0, 2357, 3, 574 ],
   [ 0, 2358, 3, 573 ],
   [ 0, 2358, 3, 574 ],
   [ 0, 2358, 3, 575 ],
   [ 0, 2359, 3, 574 ],
   [ 0, 2359, 3, 575 ],
   [ 0, 2359, 3, 576 ],
   [ 0, 2360, 3, 575 ],
   [ 0, 2360, 3, 576 ],
   [ 0, 2360, 3, 577 ],
   [ 0, 2361, 3, 576 ],
   [ 0, 2361, 3, 577 ],
   [ 0, 2361, 3, 578 ],
   [ 0, 2362, 3, 577 ],
   [ 0, 2362, 3, 578 ],
   [ 0, 2362, 3, 579 ],
   [ 0, 2363, 3, 578 ],
   [ 0, 2363, 3, 579 ],
   [ 0, 2363, 3, 580 ],
   [ 0, 2364, 3, 579 ],
   [ 0, 2364, 3, 580 ],
   [ 0, 2364, 3, 581 ],
   [ 0, 2365, 3, 580 ],
   [ 0, 2365, 3, 581 ],
   [ 0, 2365, 3, 582 ],
   [ 0, 2366, 3, 581 ],
   [ 0, 2366, 3, 582 ],
   [ 0, 2366, 3, 583 ],
   [ 0, 2367, 3, 582 ],
   [ 0, 2367, 3, 583 ],
   [ 0, 2367, 3, 584 ],
   [ 0, 2368, 3, 583 ],
   [ 0, 2368, 3, 584 ],
   [ 0, 2368, 3, 585 ],
   [ 0, 2369, 3, 584 ],
   [ 0, 2369, 3, 585 ],
   [ 0, 2369, 3, 586 ],
   [ 0, 2370, 3, 585 ],
   [ 0, 2370, 3, 586 ],
   [ 0, 2370, 3, 587 ],
   [ 0, 2371, 3, 586 ],
   [ 0, 2371, 3, 587 ],
   [ 0, 2371, 3, 588 ],
   [ 0, 2372, 3, 587 ],
   [ 0, 2372, 3, 588 ],
   [ 0, 2372, 3, 589 ],
   [ 0, 2373, 3, 588 ],
   [ 0, 2373, 3, 589 ],
   [ 0, 2373, 3, 590 ],
   [ 0, 2374, 3, 589 ],
   [ 0, 2374, 3, 590 ],
   [ 0, 2374, 3, 591 ],
   [ 0, 2375, 3, 590 ],
   [ 0, 2375, 3, 591 ],
   [ 0, 2375, 3, 592 ],
   [ 0, 2376, 3, 591 ],
   [ 0, 2376, 3, 592 ],
   [ 0, 2376, 3, 593 ],
   [ 0, 2377, 3, 592 ],
   [ 0, 2377, 3, 593 ],
   [ 0, 2377, 3, 594 ],
   [ 0, 2378, 3, 593 ],
   [ 0, 2378, 3, 594 ],
   [ 0, 2378, 3, 595 ],
   [ 0, 2379, 3, 594 ],
   [ 0, 2379, 3, 595 ],
   [ 0, 2379, 3, 596 ],
   [ 0, 2380, 3, 595 ],
   [ 0, 2380, 3, 596 ],
   [ 0, 2380, 3, 597 ],
   [ 0, 2381, 3, 596 ],
   [ 0, 2381, 3, 597 ],
   [ 0, 2381, 3, 598 ],
   [ 0, 2382, 3, 597 ],
   [ 0, 2382, 3, 598 ],
   [ 0, 2382, 3, 599 ],
   [ 0, 2383, 3, 598 ],
   [ 0, 2383, 3, 599 ],
   [ 0, 2383, 3, 600 ],
   [ 0, 2384, 3, 599 ],
   [ 0, 2384, 3, 600 ],
   [ 0, 2384, 3, 601 ],
   [ 0, 2385, 3, 600 ],
   [ 0, 2385, 3, 601 ],
   [ 0, 2385, 3, 602 ],
   [ 0, 2386, 3, 601 ],
   [ 0, 2386, 3, 602 ],
   [ 0, 2386, 3, 603 ],
   [ 0, 2387, 3, 602 ],
   [ 0, 2387, 3, 603 ],
   [ 0, 2387, 3, 604 ],
   [ 0, 2388, 3, 603 ],
   [ 0, 2388, 3, 604 ],
   [ 0, 2388, 3, 605 ],
   [ 0, 2389, 3, 604 ],
   [ 0, 2389, 3, 605 ],
   [ 0, 2389, 3, 606 ],
   [ 0, 2390, 3, 605 ],
   [ 0, 2390, 3, 606 ],
   [ 0, 2390, 3, 607 ],
   [ 0, 2391, 3, 606 ],
   [ 0, 2391, 3, 607 ],
   [ 0, 2391, 3, 608 ],
   [ 0, 2392, 3, 607 ],
   [ 0, 2392, 3, 608 ],
   [ 0, 2392, 3, 609 ],
   [ 0, 2393, 3, 608 ],
   [ 0, 2393, 3, 609 ],
   [ 0, 2393, 3, 610 ],
   [ 0, 2394, 3, 609 ],
   [ 0, 2394, 3, 610 ],
   [ 0, 2394, 3, 611 ],
   [ 0, 2395, 3, 610 ],
   [ 0, 2395, 3, 611 ],
   [ 0, 2395, 3, 612 ],
   [ 0, 2396, 3, 611 ],
   [ 0, 2396, 3, 612 ],
   [ 0, 2396, 3, 613 ],
   [ 0, 2397, 3, 612 ],
   [ 0, 2397, 3, 613 ],
   [ 0, 2397, 3, 614 ],
   [ 0, 2398, 3, 613 ],
   [ 0, 2398, 3, 614 ],
   [ 0, 2398, 3, 615 ],
   [ 0, 2399, 3, 614 ],
   [ 0, 2399, 3, 615 ],
   [ 0, 2399, 3, 616 ],
   [ 0, 2400, 3, 615 ],
   [ 0, 2400, 3, 616 ],
   [ 0, 2400, 3, 617 ],
   [ 0, 2401, 3, 616 ],
   [ 0, 2401, 3, 617 ],
   [ 0, 2401, 3, 618 ],
   [ 0, 2402, 3, 617 ],
   [ 0, 2402, 3, 618 ],
   [ 0, 2402, 3, 619 ],
   [ 0, 2403, 3, 618 ],
   [ 0, 2403, 3, 619 ],
   [ 0, 2403, 3, 620 ],
   [ 0, 2404, 3, 619 ],
   [ 0, 2404, 3, 620 ],
   [ 0, 2404, 3, 621 ],
   [ 0, 2405, 3, 620 ],
   [ 0, 2405, 3, 621 ],
   [ 0, 2405, 3, 622 ],
   [ 0, 2406, 3, 621 ],
   [ 0, 2406, 3, 622 ],
   [ 0, 2406, 3, 623 ],
   [ 0, 2407, 3, 622 ],
   [ 0, 2407, 3, 623 ],
   [ 0, 2407, 3, 624 ],
   [ 0, 2408, 3, 623 ],
   [ 0, 2408, 3, 624 ],
   [ 0, 2408, 3, 625 ],
   [ 0, 2409, 3, 624 ],
   [ 0, 2409, 3, 625 ],
   [ 0, 2409, 3, 626 ],
   [ 0, 2410, 3, 625 ],
   [ 0, 2410, 3, 626 ],
   [ 0, 2410, 3, 627 ],
   [ 0, 2411, 3, 626 ],
   [ 0, 2411, 3, 627 ],
   [ 0, 2411, 3, 628 ],
   [ 0, 2412, 3, 627 ],
   [ 0, 2412, 3, 628 ],
   [ 0, 2412, 3, 629 ],
   [ 0, 2413, 3, 628 ],
   [ 0, 2413, 3, 629 ],
   [ 0, 2413, 3, 630 ],
   [ 0, 2414, 3, 629 ],
   [ 0, 2414, 3, 630 ],
   [ 0, 2414, 3, 631 ],
   [ 0, 2415, 3, 630 ],
   [ 0, 2415, 3, 631 ],
   [ 0, 2415, 3, 632 ],
   [ 0, 2416, 3, 631 ],
   [ 0, 2416, 3, 632 ],
   [ 0, 2416, 3, 633 ],
   [ 0, 2417, 3, 632 ],
   [ 0, 2417, 3, 633 ],
   [ 0, 2417, 3, 634 ],
   [ 0, 2418, 3, 633 ],
   [ 0, 2418, 3, 634 ],
   [ 0, 2418, 3, 635 ],
   [ 0, 2419, 3, 634 ],
   [ 0, 2419, 3, 635 ],
   [ 0, 2419, 3, 636 ],
   [ 0, 2420, 3, 635 ],
   [ 0, 2420, 3, 636 ],
   [ 0, 2420, 3, 637 ],
   [ 0, 2421, 3, 636 ],
   [ 0, 2421, 3, 637 ],
   [ 0, 2421, 3, 638 ],
   [ 0, 2422, 3, 637 ],
   [ 0, 2422, 3, 638 ],
   [ 0, 2422, 3, 639 ],
   [ 0, 2423, 3, 638 ],
   [ 0, 2423, 3, 639 ],
   [ 0, 2423, 3, 640 ],
   [ 0, 2424, 3, 639 ],
   [ 0, 2424, 3, 640 ],
   [ 0, 2424, 3, 641 ],
   [ 0, 2425, 3, 640 ],
   [ 0, 2425, 3, 641 ],
   [ 0, 2425, 3, 642 ],
   [ 0, 2426, 3, 641 ],
   [ 0, 2426, 3, 642 ],
   [ 0, 2426, 3, 643 ],
   [ 0, 2427, 3, 642 ],
   [ 0, 2427, 3, 643 ],
   [ 0, 2427, 3, 644 ],
   [ 0, 2428, 3, 643 ],
   [ 0, 2428, 3, 644 ],
   [ 0, 2428, 3, 645 ],
   [ 0, 2429, 3, 644 ],
   [ 0, 2429, 3, 645 ],
   [ 0, 2429, 3, 646 ],
   [ 0, 2430, 3, 645 ],
   [ 0, 2430, 3, 646 ],
   [ 0, 2430, 3, 647 ],
   [ 0, 2431, 3, 646 ],
   [ 0, 2431, 3, 647 ],
   [ 0, 2431, 3, 648 ],
   [ 0, 2432, 3, 647 ],
   [ 0, 2432, 3, 648 ],
   [ 0, 2432, 3, 649 ],
   [ 0, 2433, 3, 648 ],
   [ 0, 2433, 3, 649 ],
   [ 0, 2433, 3, 650 ],
   [ 0, 2434, 3, 649 ],
   [ 0, 2434, 3, 650 ],
   [ 0, 2434, 3, 651 ],
   [ 0, 2435, 3, 650 ],
   [ 0, 2435, 3, 651 ],
   [ 0, 2435, 3, 652 ],
   [ 0, 2436, 3, 651 ],
   [ 0, 2436, 3, 652 ],
   [ 0, 2436, 3, 653 ],
   [ 0, 2437, 3, 652 ],
   [ 0, 2437, 3, 653 ],
   [ 0, 2437, 3, 654 ],
   [ 0, 2438, 3, 653 ],
   [ 0, 2438, 3, 654 ],
   [ 0, 2438, 3, 655 ],
   [ 0, 2439, 3, 654 ],
   [ 0, 2439, 3, 655 ],
   [ 0, 2439, 3, 656 ],
   [ 0, 2440, 3, 655 ],
   [ 0, 2440, 3, 656 ],
   [ 0, 2440, 3, 657 ],
   [ 0, 2441, 3, 656 ],
   [ 0, 2441, 3, 657 ],
   [ 0, 2441, 3, 658 ],
   [ 0, 2442, 3, 657 ],
   [ 0, 2442, 3, 658 ],
   [ 0, 2442, 3, 659 ],
   [ 0, 2443, 3, 658 ],
   [ 0, 2443, 3, 659 ],
   [ 0, 2443, 3, 660 ],
   [ 0, 2444, 3, 659 ],
   [ 0, 2444, 3, 660 ],
   [ 0, 2444, 3, 661 ],
   [ 0, 2445, 3, 660 ],
   [ 0, 2445, 3, 661 ],
   [ 0, 2445, 3, 662 ],
   [ 0, 2446, 3, 661 ],
   [ 0, 2446, 3, 662 ],
   [ 0, 2446, 3, 663 ],
   [ 0, 2447, 3, 662 ],
   [ 0, 2447, 3, 663 ],
   [ 0, 2447, 3, 664 ],
   [ 0, 2448, 3, 663 ],
   [ 0, 2448, 3, 664 ],
   [ 0, 2448, 3, 665 ],
   [ 0, 2449, 3, 664 ],
   [ 0, 2449, 3, 665 ],
   [ 0, 2449, 3, 666 ],
   [ 0, 2450, 3, 665 ],
   [ 0, 2450, 3, 666 ],
   [ 0, 2450, 3, 667 ],
   [ 0, 2451, 3, 666 ],
   [ 0, 2451, 3, 667 ],
   [ 0, 2451, 3, 668 ],
   [ 0, 2452, 3, 667 ],
   [ 0, 2452, 3, 668 ],
   [ 0, 2452, 3, 669 ],
   [ 0, 2453, 3, 668 ],
   [ 0, 2453, 3, 669 ],
   [ 0, 2453, 3, 670 ],
   [ 0, 2454, 3, 669 ],
   [ 0, 2454, 3, 670 ],
   [ 0, 2454, 3, 671 ],
   [ 0, 2455, 3, 670 ],
   [ 0, 2455, 3, 671 ],
   [ 0, 2455, 3, 672 ],
   [ 0, 2456, 3, 671 ],
   [ 0, 2456, 3, 672 ],
   [ 0, 2456, 3, 673 ],
   [ 0, 2457, 3, 672 ],
   [ 0, 2457, 3, 673 ],
   [ 0, 2457, 3, 674 ],
   [ 0, 2458, 3, 673 ],
   [ 0, 2458, 3, 674 ],
   [ 0, 2458, 3, 675 ],
   [ 0, 2459, 3, 674 ],
   [ 0, 2459, 3, 675 ],
   [ 0, 2459, 3, 676 ],
   [ 0, 2460, 3, 675 ],
   [ 0, 2460, 3, 676 ],
   [ 0, 2460, 3, 677 ],
   [ 0, 2461, 3, 676 ],
   [ 0, 2461, 3, 677 ],
   [ 0, 2461, 3, 678 ],
   [ 0, 2462, 3, 677 ],
   [ 0, 2462, 3, 678 ],
   [ 0, 2462, 3, 679 ],
   [ 0, 2463, 3, 678 ],
   [ 0, 2463, 3, 679 ],
   [ 0, 2463, 3, 680 ],
   [ 0, 2464, 3, 679 ],
   [ 0, 2464, 3, 680 ],
   [ 0, 2464, 3, 681 ],
   [ 0, 2465, 3, 680 ],
   [ 0, 2465, 3, 681 ],
   [ 0, 2465, 3, 682 ],
   [ 0, 2466, 3, 681 ],
   [ 0, 2466, 3, 682 ],
   [ 0, 2466, 3, 683 ],
   [ 0, 2467, 3, 682 ],
   [ 0, 2467, 3, 683 ],
   [ 0, 2467, 3, 684 ],
   [ 0, 2468, 3, 683 ],
   [ 0, 2468, 3, 684 ],
   [ 0, 2468, 3, 685 ],
   [ 0, 2469, 3, 684 ],
   [ 0, 2469, 3, 685 ],
   [ 0, 2469, 3, 686 ],
   [ 0, 2470, 3, 685 ],
   [ 0, 2470, 3, 686 ],
   [ 0, 2470, 3, 687 ],
   [ 0, 2471, 3, 686 ],
   [ 0, 2471, 3, 687 ],
   [ 0, 2471, 3, 688 ],
   [ 0, 2472, 3, 687 ],
   [ 0, 2472, 3, 688 ],
   [ 0, 2472, 3, 689 ],
   [ 0, 2473, 3, 688 ],
   [ 0, 2473, 3, 689 ],
   [ 0, 2473, 3, 690 ],
   [ 0, 2474, 3, 689 ],
   [ 0, 2474, 3, 690 ],
   [ 0, 2474, 3, 691 ],
   [ 0, 2475, 3, 690 ],
   [ 0, 2475, 3, 691 ],
   [ 0, 2475, 3, 692 ],
   [ 0, 2476, 3, 691 ],
   [ 0, 2476, 3, 692 ],
   [ 0, 2476, 3, 693 ],
   [ 0, 2477, 3, 692 ],
   [ 0, 2477, 3, 693 ],
   [ 0, 2477, 3, 694 ],
   [ 0, 2478, 3, 693 ],
   [ 0, 2478, 3, 694 ],
   [ 0, 2478, 3, 695 ],
   [ 0, 2479, 3, 694 ],
   [ 0, 2479, 3, 695 ],
   [ 0, 2479, 3, 696 ],
   [ 0, 2480, 3, 695 ],
   [ 0, 2480, 3, 696 ],
   [ 0, 2480, 3, 697 ],
   [ 0, 2481, 3, 696 ],
   [ 0, 2481, 3, 697 ],
   [ 0, 2481, 3, 698 ],
   [ 0, 2482, 3, 697 ],
   [ 0, 2482, 3, 698 ],
   [ 0, 2482, 3, 699 ],
   [ 0, 2483, 3, 698 ],
   [ 0, 2483, 3, 699 ],
   [ 0, 2483, 3, 700 ],
   [ 0, 2484, 3, 699 ],
   [ 0, 2484, 3, 700 ],
   [ 0, 2484, 3, 701 ],
   [ 0, 2485, 3, 700 ],
   [ 0, 2485, 3, 701 ],
   [ 0, 2485, 3, 702 ],
   [ 0, 2486, 3, 701 ],
   [ 0, 2486, 3, 702 ],
   [ 0, 2486, 3, 703 ],
   [ 0, 2487, 3, 702 ],
   [ 0, 2487, 3, 703 ],
   [ 0, 2487, 3, 704 ],
   [ 0, 2488, 3, 703 ],
   [ 0, 2488, 3, 704 ],
   [ 0, 2488, 3, 705 ],
   [ 0, 2489, 3, 704 ],
   [ 0, 2489, 3, 705 ],
   [ 0, 2489, 3, 706 ],
   [ 0, 2490, 3, 705 ],
   [ 0, 2490, 3, 706 ],
   [ 0, 2490, 3, 707 ],
   [ 0, 2491, 3, 706 ],
   [ 0, 2491, 3, 707 ],
   [ 0, 2491, 3, 708 ],
   [ 0, 2492, 3, 707 ],
   [ 0, 2492, 3, 708 ],
   [ 0, 2492, 3, 709 ],
   [ 0, 2493, 3, 708 ],
   [ 0, 2493, 3, 709 ],
   [ 0, 2493, 3, 710 ],
   [ 0, 2494, 3, 709 ],
   [ 0, 2494, 3, 710 ],
   [ 0, 2494, 3, 711 ],
   [ 0, 2495, 3, 710 ],
   [ 0, 2495, 3, 711 ],
   [ 0, 2495, 3, 712 ],
   [ 0, 2496, 3, 711 ],
   [ 0, 2496, 3, 712 ],
   [ 0, 2496, 3, 713 ],
   [ 0, 2497, 3, 712 ],
   [ 0, 2497, 3, 713 ],
   [ 0, 2497, 3, 714 ],
   [ 0, 2498, 3, 713 ],
   [ 0, 2498, 3, 714 ],
   [ 0, 2498, 3, 715 ],
   [ 0, 2499, 3, 714 ],
   [ 0, 2499, 3, 715 ],
   [ 0, 2499, 3, 716 ],
   [ 0, 2500, 3, 715 ],
   [ 0, 2500, 3, 716 ],
   [ 0, 2500, 3, 717 ],
   [ 0, 2501, 3, 716 ],
   [ 0, 2501, 3, 717 ],
   [ 0, 2501, 3, 718 ],
   [ 0, 2502, 3, 717 ],
   [ 0, 2502, 3, 718 ],
   [ 0, 2502, 3, 719 ],
   [ 0, 2503, 3, 718 ],
   [ 0, 2503, 3, 719 ],
   [ 0, 2503, 3, 720 ],
   [ 0, 2504, 3, 719 ],
   [ 0, 2504, 3, 720 ],
   [ 0, 2504, 3, 721 ],
   [ 0, 2505, 3, 720 ],
   [ 0, 2505, 3, 721 ],
   [ 0, 2505, 3, 722 ],
   [ 0, 2506, 3, 721 ],
   [ 0, 2506, 3, 722 ],
   [ 0, 2506, 3, 723 ],
   [ 0, 2507, 3, 722 ],
   [ 0, 2507, 3, 723 ],
   [ 0, 2507, 3, 724 ],
   [ 0, 2508, 3, 723 ],
   [ 0, 2508, 3, 724 ],
   [ 0, 2508, 3, 725 ],
   [ 0, 2509, 3, 724 ],
   [ 0, 2509, 3, 725 ],
   [ 0, 2509, 3, 726 ],
   [ 0, 2510, 3, 725 ],
   [ 0, 2510, 3, 726 ],
   [ 0, 2510, 3, 727 ],
   [ 0, 2511, 3, 726 ],
   [ 0, 2511, 3, 727 ],
   [ 0, 2511, 3, 728 ],
   [ 0, 2512, 3, 727 ],
   [ 0, 2512, 3, 728 ],
   [ 0, 2512, 3, 729 ],
   [ 0, 2513, 3, 728 ],
   [ 0, 2513, 3, 729 ],
   [ 0, 2513, 3, 730 ],
   [ 0, 2514, 3, 729 ],
   [ 0, 2514, 3, 730 ],
   [ 0, 2514, 3, 731 ],
   [ 0, 2515, 3, 730 ],
   [ 0, 2515, 3, 731 ],
   [ 0, 2515, 3, 732 ],
   [ 0, 2516, 3, 731 ],
   [ 0, 2516, 3, 732 ],
   [ 0, 2516, 3, 733 ],
   [ 0, 2517, 3, 732 ],
   [ 0, 2517, 3, 733 ],
   [ 0, 2517, 3, 734 ],
   [ 0, 2518, 3, 733 ],
   [ 0, 2518, 3, 734 ],
   [ 0, 2518, 3, 735 ],
   [ 0, 2519, 3, 734 ],
   [ 0, 2519, 3, 735 ],
   [ 0, 2519, 3, 736 ],
   [ 0, 2520, 3, 735 ],
   [ 0, 2520, 3, 736 ],
   [ 0, 2520, 3, 737 ],
   [ 0, 2521, 3, 736 ],
   [ 0, 2521, 3, 737 ],
   [ 0, 2521, 3, 738 ],
   [ 0, 2522, 3, 737 ],
   [ 0, 2522, 3, 738 ],
   [ 0, 2522, 3, 739 ],
   [ 0, 2523, 3, 738 ],
   [ 0, 2523, 3, 739 ],
   [ 0, 2523, 3, 740 ],
   [ 0, 2524, 3, 739 ],
   [ 0, 2524, 3, 740 ],
   [ 0, 2524, 3, 741 ],
   [ 0, 2525, 3, 740 ],
   [ 0, 2525, 3, 741 ],
   [ 0, 2525, 3, 742 ],
   [ 0, 2526, 3, 741 ],
   [ 0, 2526, 3, 742 ],
   [ 0, 2526, 3, 743 ],
   [ 0, 2527, 3, 742 ],
   [ 0, 2527, 3, 743 ],
   [ 0, 2527, 3, 744 ],
   [ 0, 2528, 3, 743 ],
   [ 0, 2528, 3, 744 ],
   [ 0, 2528, 3, 745 ],
   [ 0, 2529, 3, 744 ],
   [ 0, 2529, 3, 745 ],
   [ 0, 2529, 3, 746 ],
   [ 0, 2530, 3, 745 ],
   [ 0, 2530, 3, 746 ],
   [ 0, 2530, 3, 747 ],
   [ 0, 2531, 3, 746 ],
   [ 0, 2531, 3, 747 ],
   [ 0, 2531, 3, 748 ],
   [ 0, 2532, 3, 747 ],
   [ 0, 2532, 3, 748 ],
   [ 0, 2532, 3, 749 ],
   [ 0, 2533, 3, 748 ],
   [ 0, 2533, 3, 749 ],
   [ 0, 2533, 3, 750 ],
   [ 0, 2534, 3, 749 ],
   [ 0, 2534, 3, 750 ],
   [ 0, 2534, 3, 751 ],
   [ 0, 2535, 3, 750 ],
   [ 0, 2535, 3, 751 ],
   [ 0, 2535, 3, 752 ],
   [ 0, 2536, 3, 751 ],
   [ 0, 2536, 3, 752 ],
   [ 0, 2536, 3, 753 ],
   [ 0, 2537, 3, 752 ],
   [ 0, 2537, 3, 753 ],
   [ 0, 2537, 3, 754 ],
   [ 0, 2538, 3, 753 ],
   [ 0, 2538, 3, 754 ],
   [ 0, 2538, 3, 755 ],
   [ 0, 2539, 3, 754 ],
   [ 0, 2539, 3, 755 ],
   [ 0, 2539, 3, 756 ],
   [ 0, 2540, 3, 755 ],
   [ 0, 2540, 3, 756 ],
   [ 0, 2540, 3, 757 ],
   [ 0, 2541, 3, 756 ],
   [ 0, 2541, 3, 757 ],
   [ 0, 2541, 3, 758 ],
   [ 0, 2542, 3, 757 ],
   [ 0, 2542, 3, 758 ],
   [ 0, 2543, 3, 758 ],
   [ 0, 2532, 3, 749 ],
   [ 0, 2533, 3, 749 ],
   [ 0, 2533, 3, 750 ],
   [ 0, 2534, 3, 749 ],
   [ 0, 2534, 3, 750 ],
   [ 0, 2534, 3, 751 ],
   [ 0, 2535, 3, 750 ],
   [ 0, 2535, 3, 751 ],
   [ 0, 2535, 3, 752 ],
   [ 0, 2536, 3, 751 ],
   [ 0, 2536, 3, 752 ],
   [ 0, 2536, 3, 753 ],
   [ 0, 2537, 3, 752 ],
   [ 0, 2537, 3, 753 ],
   [ 0, 2537, 3, 754 ],
   [ 0, 2538, 3, 753 ],
   [ 0, 2538, 3, 754 ],
   [ 0, 2538, 3, 755 ],
   [ 0, 2539, 3, 754 ],
   [ 0, 2539, 3, 755 ],
   [ 0, 2539, 3, 756 ],
   [ 0, 2540, 3, 755 ],
   [ 0, 2540, 3, 756 ],
   [ 0, 2540, 3, 757 ],
   [ 0, 2541, 3, 756 ],
   [ 0, 2541, 3, 757 ],
   [ 0, 2541, 3, 758 ],
   [ 0, 2542, 3, 757 ],
   [ 0, 2542, 3, 758 ],
   [ 0, 2542, 3, 759 ],
   [ 0, 2543, 3, 758 ],
   [ 0, 2543, 3, 759 ],
   [ 0, 2543, 3, 760 ],
   [ 0, 2544, 3, 759 ],
   [ 0, 2544, 3, 760 ],
   [ 0, 2544, 3, 761 ],
   [ 0, 2545, 3, 760 ],
   [ 0, 2545, 3, 761 ],
   [ 0, 2545, 3, 762 ],
   [ 0, 2546, 3, 761 ],
   [ 0, 2546, 3, 762 ],
   [ 0, 2546, 3, 763 ],
   [ 0, 2547, 3, 762 ],
   [ 0, 2547, 3, 763 ],
   [ 0, 2547, 3, 764 ],
   [ 0, 2548, 3, 763 ],
   [ 0, 2548, 3, 764 ],
   [ 0, 2548, 3, 765 ],
   [ 0, 2549, 3, 764 ],
   [ 0, 2549, 3, 765 ],
   [ 0, 2549, 3, 766 ],
   [ 0, 2550, 3, 765 ],
   [ 0, 2550, 3, 766 ],
   [ 0, 2550, 3, 767 ],
   [ 0, 2551, 3, 766 ],
   [ 0, 2551, 3, 767 ],
   [ 0, 2551, 3, 768 ],
   [ 0, 2552, 3, 767 ],
   [ 0, 2552, 3, 768 ],
   [ 0, 2552, 3, 769 ],
   [ 0, 2553, 3, 768 ],
   [ 0, 2553, 3, 769 ],
   [ 0, 2553, 3, 770 ],
   [ 0, 2554, 3, 769 ],
   [ 0, 2554, 3, 770 ],
   [ 0, 2554, 3, 771 ],
   [ 0, 2555, 3, 770 ],
   [ 0, 2555, 3, 771 ],
   [ 0, 2555, 3, 772 ],
   [ 0, 2556, 3, 771 ],
   [ 0, 2556, 3, 772 ],
   [ 0, 2556, 3, 773 ],
   [ 0, 2557, 3, 772 ],
   [ 0, 2557, 3, 773 ],
   [ 0, 2557, 3, 774 ],
   [ 0, 2558, 3, 773 ],
   [ 0, 2558, 3, 774 ],
   [ 0, 2558, 3, 775 ],
   [ 0, 2559, 3, 774 ],
   [ 0, 2559, 3, 775 ],
   [ 0, 2559, 3, 776 ],
   [ 0, 2560, 3, 775 ],
   [ 0, 2560, 3, 776 ],
   [ 0, 2560, 3, 777 ],
   [ 0, 2561, 3, 776 ],
   [ 0, 2561, 3, 777 ],
   [ 0, 2561, 3, 778 ],
   [ 0, 2562, 3, 777 ],
   [ 0, 2562, 3, 778 ],
   [ 0, 2562, 3, 779 ],
   [ 0, 2563, 3, 778 ],
   [ 0, 2563, 3, 779 ],
   [ 0, 2563, 3, 780 ],
   [ 0, 2554, 3, 769 ],
   [ 0, 2554, 3, 770 ],
   [ 0, 2554, 3, 771 ],
   [ 0, 2555, 3, 770 ],
   [ 0, 2555, 3, 771 ],
   [ 0, 2555, 3, 772 ],
   [ 0, 2556, 3, 771 ],
   [ 0, 2556, 3, 772 ],
   [ 0, 2556, 3, 773 ],
   [ 0, 2557, 3, 772 ],
   [ 0, 2557, 3, 773 ],
   [ 0, 2557, 3, 774 ],
   [ 0, 2558, 3, 773 ],
   [ 0, 2558, 3, 774 ],
   [ 0, 2558, 3, 775 ],
   [ 0, 2559, 3, 774 ],
   [ 0, 2559, 3, 775 ],
   [ 0, 2559, 3, 776 ],
   [ 0, 2560, 3, 775 ],
   [ 0, 2560, 3, 776 ],
   [ 0, 2560, 3, 777 ],
   [ 0, 2561, 3, 776 ],
   [ 0, 2561, 3, 777 ],
   [ 0, 2561, 3, 778 ],
   [ 0, 2562, 3, 777 ],
   [ 0, 2562, 3, 778 ],
   [ 0, 2562, 3, 779 ],
   [ 0, 2563, 3, 778 ],
   [ 0, 2563, 3, 779 ],
   [ 0, 2563, 3, 780 ],
   [ 0, 2564, 3, 779 ],
   [ 0, 2564, 3, 780 ],
   [ 0, 2564, 3, 781 ],
   [ 0, 2565, 3, 780 ],
   [ 0, 2565, 3, 781 ],
   [ 0, 2565, 3, 782 ],
   [ 0, 2566, 3, 781 ],
   [ 0, 2566, 3, 782 ],
   [ 0, 2566, 3, 783 ],
   [ 0, 2567, 3, 782 ],
   [ 0, 2567, 3, 783 ],
   [ 0, 2567, 3, 784 ],
   [ 0, 2568, 3, 783 ],
   [ 0, 2568, 3, 784 ],
   [ 0, 2568, 3, 785 ],
   [ 0, 2569, 3, 784 ],
   [ 0, 2569, 3, 785 ],
   [ 0, 2569, 3, 786 ],
   [ 0, 2570, 3, 785 ],
   [ 0, 2570, 3, 786 ],
   [ 0, 2570, 3, 787 ],
   [ 0, 2571, 3, 786 ],
   [ 0, 2571, 3, 787 ],
   [ 0, 2571, 3, 788 ],
   [ 0, 2572, 3, 787 ],
   [ 0, 2572, 3, 788 ],
   [ 0, 2572, 3, 789 ],
   [ 0, 2573, 3, 788 ],
   [ 0, 2573, 3, 789 ],
   [ 0, 2573, 3, 790 ],
   [ 0, 2574, 3, 789 ],
   [ 0, 2574, 3, 790 ],
   [ 0, 2574, 3, 791 ],
   [ 0, 2575, 3, 790 ],
   [ 0, 2575, 3, 791 ],
   [ 0, 2575, 3, 792 ],
   [ 0, 2576, 3, 791 ],
   [ 0, 2576, 3, 792 ],
   [ 0, 2576, 3, 793 ],
   [ 0, 2577, 3, 792 ],
   [ 0, 2577, 3, 793 ],
   [ 0, 2577, 3, 794 ],
   [ 0, 2578, 3, 793 ],
   [ 0, 2578, 3, 794 ],
   [ 0, 2578, 3, 795 ],
   [ 0, 2579, 3, 794 ],
   [ 0, 2579, 3, 795 ],
   [ 0, 2579, 3, 796 ],
   [ 0, 2580, 3, 795 ],
   [ 0, 2580, 3, 796 ],
   [ 0, 2580, 3, 797 ],
   [ 0, 2581, 3, 796 ],
   [ 0, 2581, 3, 797 ],
   [ 0, 2581, 3, 798 ],
   [ 0, 2582, 3, 797 ],
   [ 0, 2582, 3, 798 ],
   [ 0, 2582, 3, 799 ],
   [ 0, 2583, 3, 798 ],
   [ 0, 2583, 3, 799 ],
   [ 0, 2583, 3, 800 ],
   [ 0, 2584, 3, 799 ],
   [ 0, 2584, 3, 800 ],
   [ 0, 2584, 3, 801 ],
   [ 0, 2585, 3, 800 ],
   [ 0, 2585, 3, 801 ],
   [ 0, 2585, 3, 802 ],
   [ 0, 2586, 3, 801 ],
   [ 0, 2586, 3, 802 ],
   [ 0, 2586, 3, 803 ],
   [ 0, 2587, 3, 802 ],
   [ 0, 2587, 3, 803 ],
   [ 0, 2587, 3, 804 ],
   [ 0, 2588, 3, 803 ],
   [ 0, 2588, 3, 804 ],
   [ 0, 2588, 3, 805 ],
   [ 0, 2589, 3, 804 ],
   [ 0, 2589, 3, 805 ],
   [ 0, 2589, 3, 806 ],
   [ 0, 2590, 3, 805 ],
   [ 0, 2590, 3, 806 ],
   [ 0, 2590, 3, 807 ],
   [ 0, 2591, 3, 806 ],
   [ 0, 2591, 3, 807 ],
   [ 0, 2591, 3, 808 ],
   [ 0, 2592, 3, 807 ],
   [ 0, 2592, 3, 808 ],
   [ 0, 2592, 3, 809 ],
   [ 0, 2593, 3, 808 ],
   [ 0, 2593, 3, 809 ],
   [ 0, 2593, 3, 810 ],
   [ 0, 2594, 3, 809 ],
   [ 0, 2594, 3, 810 ],
   [ 0, 2594, 3, 811 ],
   [ 0, 2595, 3, 810 ],
   [ 0, 2595, 3, 811 ],
   [ 0, 2595, 3, 812 ],
   [ 0, 2596, 3, 811 ],
   [ 0, 2596, 3, 812 ],
   [ 0, 2596, 3, 813 ],
   [ 0, 2597, 3, 812 ],
   [ 0, 2597, 3, 813 ],
   [ 0, 2597, 3, 814 ],
   [ 0, 2598, 3, 813 ],
   [ 0, 2598, 3, 814 ],
   [ 0, 2598, 3, 815 ],
   [ 0, 2599, 3, 814 ],
   [ 0, 2599, 3, 815 ],
   [ 0, 2599, 3, 816 ],
   [ 0, 2600, 3, 815 ],
   [ 0, 2600, 3, 816 ],
   [ 0, 2600, 3, 817 ],
   [ 0, 2601, 3, 816 ],
   [ 0, 2601, 3, 817 ],
   [ 0, 2601, 3, 818 ],
   [ 0, 2602, 3, 817 ],
   [ 0, 2602, 3, 818 ],
   [ 0, 2602, 3, 819 ],
   [ 0, 2603, 3, 818 ],
   [ 0, 2603, 3, 819 ],
   [ 0, 2603, 3, 820 ],
   [ 0, 2604, 3, 819 ],
   [ 0, 2604, 3, 820 ],
   [ 0, 2604, 3, 821 ],
   [ 0, 2605, 3, 820 ],
   [ 0, 2605, 3, 821 ],
   [ 0, 2605, 3, 822 ],
   [ 0, 2606, 3, 821 ],
   [ 0, 2606, 3, 822 ],
   [ 0, 2606, 3, 823 ],
   [ 0, 2607, 3, 822 ],
   [ 0, 2607, 3, 823 ],
   [ 0, 2607, 3, 824 ],
   [ 0, 2608, 3, 823 ],
   [ 0, 2608, 3, 824 ],
   [ 0, 2608, 3, 825 ],
   [ 0, 2609, 3, 824 ],
   [ 0, 2609, 3, 825 ],
   [ 0, 2609, 3, 826 ],
   [ 0, 2610, 3, 825 ],
   [ 0, 2610, 3, 826 ],
   [ 0, 2610, 3, 827 ],
   [ 0, 2611, 3, 826 ],
   [ 0, 2611, 3, 827 ],
   [ 0, 2611, 3, 828 ],
   [ 0, 2612, 3, 827 ],
   [ 0, 2612, 3, 828 ],
   [ 0, 2612, 3, 829 ],
   [ 0, 2613, 3, 828 ],
   [ 0, 2613, 3, 829 ],
   [ 0, 2613, 3, 830 ],
   [ 0, 2614, 3, 829 ],
   [ 0, 2614, 3, 830 ],
   [ 0, 2614, 3, 831 ],
   [ 0, 2615, 3, 830 ],
   [ 0, 2615, 3, 831 ],
   [ 0, 2615, 3, 832 ],
   [ 0, 2616, 3, 831 ],
   [ 0, 2616, 3, 832 ],
   [ 0, 2616, 3, 833 ],
   [ 0, 2617, 3, 832 ],
   [ 0, 2617, 3, 833 ],
   [ 0, 2617, 3, 834 ],
   [ 0, 2618, 3, 833 ],
   [ 0, 2618, 3, 834 ],
   [ 0, 2618, 3, 835 ],
   [ 0, 2619, 3, 834 ],
   [ 0, 2619, 3, 835 ],
   [ 0, 2619, 3, 836 ],
   [ 0, 2620, 3, 835 ],
   [ 0, 2620, 3, 836 ],
   [ 0, 2620, 3, 837 ],
   [ 0, 2621, 3, 836 ],
   [ 0, 2621, 3, 837 ],
   [ 0, 2621, 3, 838 ],
   [ 0, 2622, 3, 837 ],
   [ 0, 2622, 3, 838 ],
   [ 0, 2622, 3, 839 ],
   [ 0, 2623, 3, 838 ],
   [ 0, 2623, 3, 839 ],
   [ 0, 2623, 3, 840 ],
   [ 0, 2624, 3, 839 ],
   [ 0, 2624, 3, 840 ],
   [ 0, 2624, 3, 841 ],
   [ 0, 2621, 3, 838 ],
   [ 0, 2622, 3, 838 ],
   [ 0, 2622, 3, 839 ],
   [ 0, 2623, 3, 838 ],
   [ 0, 2623, 3, 839 ],
   [ 0, 2623, 3, 840 ],
   [ 0, 2624, 3, 839 ],
   [ 0, 2624, 3, 840 ],
   [ 0, 2624, 3, 841 ],
   [ 0, 2615, 3, 830 ],
   [ 0, 2615, 3, 831 ],
   [ 0, 2615, 3, 832 ],
   [ 0, 2616, 3, 831 ],
   [ 0, 2616, 3, 832 ],
   [ 0, 2616, 3, 833 ],
   [ 0, 2617, 3, 832 ],
   [ 0, 2617, 3, 833 ],
   [ 0, 2617, 3, 834 ],
   [ 0, 2618, 3, 833 ],
   [ 0, 2618, 3, 834 ],
   [ 0, 2618, 3, 835 ],
   [ 0, 2619, 3, 834 ],
   [ 0, 2619, 3, 835 ],
   [ 0, 2619, 3, 836 ],
   [ 0, 2620, 3, 835 ],
   [ 0, 2620, 3, 836 ],
   [ 0, 2620, 3, 837 ],
   [ 0, 2621, 3, 836 ],
   [ 0, 2621, 3, 837 ],
   [ 0, 2621, 3, 838 ],
   [ 0, 2622, 3, 837 ],
   [ 0, 2622, 3, 838 ],
   [ 0, 2622, 3, 839 ],
   [ 0, 2623, 3, 838 ],
   [ 0, 2623, 3, 839 ],
   [ 0, 2623, 3, 840 ],
   [ 0, 2624, 3, 839 ],
   [ 0, 2624, 3, 840 ],
   [ 0, 2624, 3, 841 ],
   [ 0, 2625, 3, 840 ],
   [ 0, 2625, 3, 841 ],
   [ 0, 2625, 3, 842 ],
   [ 0, 2626, 3, 841 ],
   [ 0, 2626, 3, 842 ],
   [ 0, 2626, 3, 843 ],
   [ 0, 2627, 3, 842 ],
   [ 0, 2627, 3, 843 ],
   [ 0, 2627, 3, 844 ],
   [ 0, 2628, 3, 843 ],
   [ 0, 2628, 3, 844 ],
   [ 0, 2628, 3, 845 ],
   [ 0, 2629, 3, 844 ],
   [ 0, 2629, 3, 845 ],
   [ 0, 2629, 3, 846 ],
   [ 0, 2630, 3, 845 ],
   [ 0, 2630, 3, 846 ],
   [ 0, 2630, 3, 847 ],
   [ 0, 2631, 3, 846 ],
   [ 0, 2631, 3, 847 ],
   [ 0, 2632, 3, 847 ],
   [ 0, 2621, 3, 838 ],
   [ 0, 2622, 3, 838 ],
   [ 0, 2622, 3, 839 ],
   [ 0, 2623, 3, 838 ],
   [ 0, 2623, 3, 839 ],
   [ 0, 2623, 3, 840 ],
   [ 0, 2624, 3, 839 ],
   [ 0, 2624, 3, 840 ],
   [ 0, 2624, 3, 841 ],
   [ 0, 2625, 3, 840 ],
   [ 0, 2625, 3, 841 ],
   [ 0, 2625, 3, 842 ],
   [ 0, 2626, 3, 841 ],
   [ 0, 2626, 3, 842 ],
   [ 0, 2626, 3, 843 ],
   [ 0, 2627, 3, 842 ],
   [ 0, 2627, 3, 843 ],
   [ 0, 2627, 3, 844 ],
   [ 0, 2628, 3, 843 ],
   [ 0, 2628, 3, 844 ],
   [ 0, 2628, 3, 845 ],
   [ 0, 2629, 3, 844 ],
   [ 0, 2629, 3, 845 ],
   [ 0, 2629, 3, 846 ],
   [ 0, 2630, 3, 845 ],
   [ 0, 2630, 3, 846 ],
   [ 0, 2630, 3, 847 ],
   [ 0, 2631, 3, 846 ],
   [ 0, 2631, 3, 847 ],
   [ 0, 2631, 3, 848 ],
   [ 0, 2632, 3, 847 ],
   [ 0, 2632, 3, 848 ],
   [ 0, 2632, 3, 849 ],
   [ 0, 2633, 3, 848 ],
   [ 0, 2633, 3, 849 ],
   [ 0, 2633, 3, 850 ],
   [ 0, 2634, 3, 849 ],
   [ 0, 2634, 3, 850 ],
   [ 0, 2634, 3, 851 ],
   [ 0, 2635, 3, 850 ],
   [ 0, 2635, 3, 851 ],
   [ 0, 2635, 3, 852 ],
   [ 0, 2636, 3, 851 ],
   [ 0, 2636, 3, 852 ],
   [ 0, 2636, 3, 853 ],
   [ 0, 2637, 3, 852 ],
   [ 0, 2637, 3, 853 ],
   [ 0, 2637, 3, 854 ],
   [ 0, 2638, 3, 853 ],
   [ 0, 2638, 3, 854 ],
   [ 0, 2638, 3, 855 ],
   [ 0, 2639, 3, 854 ],
   [ 0, 2639, 3, 855 ],
   [ 0, 2639, 3, 856 ],
   [ 0, 2640, 3, 855 ],
   [ 0, 2640, 3, 856 ],
   [ 0, 2640, 3, 857 ],
   [ 0, 2641, 3, 856 ],
   [ 0, 2641, 3, 857 ],
   [ 0, 2641, 3, 858 ],
   [ 0, 2642, 3, 857 ],
   [ 0, 2642, 3, 858 ],
   [ 0, 2642, 3, 859 ],
   [ 0, 2643, 3, 858 ],
   [ 0, 2643, 3, 859 ],
   [ 0, 2643, 3, 860 ],
   [ 0, 2644, 3, 859 ],
   [ 0, 2644, 3, 860 ],
   [ 0, 2644, 3, 861 ],
   [ 0, 2645, 3, 860 ],
   [ 0, 2645, 3, 861 ],
   [ 0, 2645, 3, 862 ],
   [ 0, 2646, 3, 861 ],
   [ 0, 2646, 3, 862 ],
   [ 0, 2646, 3, 863 ],
   [ 0, 2647, 3, 862 ],
   [ 0, 2647, 3, 863 ],
   [ 0, 2647, 3, 864 ],
   [ 0, 2648, 3, 863 ],
   [ 0, 2648, 3, 864 ],
   [ 0, 2648, 3, 865 ],
   [ 0, 2649, 3, 864 ],
   [ 0, 2649, 3, 865 ],
   [ 0, 2649, 3, 866 ],
   [ 0, 2650, 3, 865 ],
   [ 0, 2650, 3, 866 ],
   [ 0, 2650, 3, 867 ],
   [ 0, 2651, 3, 866 ],
   [ 0, 2651, 3, 867 ],
   [ 0, 2651, 3, 868 ],
   [ 0, 2652, 3, 867 ],
   [ 0, 2652, 3, 868 ],
   [ 0, 2652, 3, 869 ],
   [ 0, 2653, 3, 868 ],
   [ 0, 2653, 3, 869 ],
   [ 0, 2653, 3, 870 ],
   [ 0, 2654, 3, 869 ],
   [ 0, 2654, 3, 870 ],
   [ 0, 2654, 3, 871 ],
   [ 0, 2655, 3, 870 ],
   [ 0, 2655, 3, 871 ],
   [ 0, 2655, 3, 872 ],
   [ 0, 2656, 3, 871 ],
   [ 0, 2656, 3, 872 ],
   [ 0, 2656, 3, 873 ],
   [ 0, 2657, 3, 872 ],
   [ 0, 2657, 3, 873 ],
   [ 0, 2657, 3, 874 ],
   [ 0, 2658, 3, 873 ],
   [ 0, 2658, 3, 874 ],
   [ 0, 2658, 3, 875 ],
   [ 0, 2659, 3, 874 ],
   [ 0, 2659, 3, 875 ],
   [ 0, 2659, 3, 876 ],
   [ 0, 2660, 3, 875 ],
   [ 0, 2660, 3, 876 ],
   [ 0, 2660, 3, 877 ],
   [ 0, 2661, 3, 876 ],
   [ 0, 2661, 3, 877 ],
   [ 0, 2661, 3, 878 ],
   [ 0, 2662, 3, 877 ],
   [ 0, 2662, 3, 878 ],
   [ 0, 2662, 3, 879 ],
   [ 0, 2663, 3, 878 ],
   [ 0, 2663, 3, 879 ],
   [ 0, 2663, 3, 880 ],
   [ 0, 2664, 3, 879 ],
   [ 0, 2664, 3, 880 ],
   [ 0, 2664, 3, 881 ],
   [ 0, 2665, 3, 880 ],
   [ 0, 2665, 3, 881 ],
   [ 0, 2665, 3, 882 ],
   [ 0, 2666, 3, 881 ],
   [ 0, 2666, 3, 882 ],
   [ 0, 2666, 3, 883 ],
   [ 0, 2667, 3, 882 ],
   [ 0, 2667, 3, 883 ],
   [ 0, 2667, 3, 884 ],
   [ 0, 2668, 3, 883 ],
   [ 0, 2668, 3, 884 ],
   [ 0, 2668, 3, 885 ],
   [ 0, 2669, 3, 884 ],
   [ 0, 2669, 3, 885 ],
   [ 0, 2669, 3, 886 ],
   [ 0, 2670, 3, 885 ],
   [ 0, 2670, 3, 886 ],
   [ 0, 2670, 3, 887 ],
   [ 0, 2671, 3, 886 ],
   [ 0, 2671, 3, 887 ],
   [ 0, 2671, 3, 888 ],
   [ 0, 2672, 3, 887 ],
   [ 0, 2672, 3, 888 ],
   [ 0, 2672, 3, 889 ],
   [ 0, 2673, 3, 888 ],
   [ 0, 2673, 3, 889 ],
   [ 0, 2673, 3, 890 ],
   [ 0, 2674, 3, 889 ],
   [ 0, 2674, 3, 890 ],
   [ 0, 2674, 3, 891 ],
   [ 0, 2675, 3, 890 ],
   [ 0, 2675, 3, 891 ],
   [ 0, 2675, 3, 892 ],
   [ 0, 2676, 3, 891 ],
   [ 0, 2676, 3, 892 ],
   [ 0, 2676, 3, 893 ],
   [ 0, 2677, 3, 892 ],
   [ 0, 2677, 3, 893 ],
   [ 0, 2677, 3, 894 ],
   [ 0, 2678, 3, 893 ],
   [ 0, 2678, 3, 894 ],
   [ 0, 2678, 3, 895 ],
   [ 0, 2679, 3, 894 ],
   [ 0, 2679, 3, 895 ],
   [ 0, 2679, 3, 896 ],
   [ 0, 2680, 3, 895 ],
   [ 0, 2680, 3, 896 ],
   [ 0, 2681, 3, 896 ],
   [ 0, 2670, 3, 887 ],
   [ 0, 2671, 3, 887 ],
   [ 0, 2671, 3, 888 ],
   [ 0, 2672, 3, 887 ],
   [ 0, 2672, 3, 888 ],
   [ 0, 2672, 3, 889 ],
   [ 0, 2673, 3, 888 ],
   [ 0, 2673, 3, 889 ],
   [ 0, 2673, 3, 890 ],
   [ 0, 2674, 3, 889 ],
   [ 0, 2674, 3, 890 ],
   [ 0, 2674, 3, 891 ],
   [ 0, 2675, 3, 890 ],
   [ 0, 2675, 3, 891 ],
   [ 0, 2675, 3, 892 ],
   [ 0, 2676, 3, 891 ],
   [ 0, 2676, 3, 892 ],
   [ 0, 2676, 3, 893 ],
   [ 0, 2677, 3, 892 ],
   [ 0, 2677, 3, 893 ],
   [ 0, 2677, 3, 894 ],
   [ 0, 2678, 3, 893 ],
   [ 0, 2678, 3, 894 ],
   [ 0, 2678, 3, 895 ],
   [ 0, 2679, 3, 894 ],
   [ 0, 2679, 3, 895 ],
   [ 0, 2679, 3, 896 ],
   [ 0, 2680, 3, 895 ],
   [ 0, 2680, 3, 896 ],
   [ 0, 2680, 3, 897 ],
   [ 0, 2681, 3, 896 ],
   [ 0, 2681, 3, 897 ],
   [ 0, 2681, 3, 898 ],
   [ 0, 2672, 3, 887 ],
   [ 0, 2672, 3, 888 ],
   [ 0, 2672, 3, 889 ],
   [ 0, 2673, 3, 888 ],
   [ 0, 2673, 3, 889 ],
   [ 0, 2673, 3, 890 ],
   [ 0, 2674, 3, 889 ],
   [ 0, 2674, 3, 890 ],
   [ 0, 2674, 3, 891 ],
   [ 0, 2675, 3, 890 ],
   [ 0, 2675, 3, 891 ],
   [ 0, 2675, 3, 892 ],
   [ 0, 2676, 3, 891 ],
   [ 0, 2676, 3, 892 ],
   [ 0, 2676, 3, 893 ],
   [ 0, 2677, 3, 892 ],
   [ 0, 2677, 3, 893 ],
   [ 0, 2677, 3, 894 ],
   [ 0, 2678, 3, 893 ],
   [ 0, 2678, 3, 894 ],
   [ 0, 2678, 3, 895 ],
   [ 0, 2679, 3, 894 ],
   [ 0, 2679, 3, 895 ],
   [ 0, 2679, 3, 896 ],
   [ 0, 2680, 3, 895 ],
   [ 0, 2680, 3, 896 ],
   [ 0, 2681, 3, 896 ],
   [ 0, 2672, 3, 887 ],
   [ 0, 2672, 3, 888 ],
   [ 0, 2672, 3, 889 ],
   [ 0, 2673, 3, 888 ],
   [ 0, 2673, 3, 889 ],
   [ 0, 2673, 3, 890 ],
   [ 0, 2674, 3, 889 ],
   [ 0, 2674, 3, 890 ],
   [ 0, 2674, 3, 891 ],
   [ 0, 2675, 3, 890 ],
   [ 0, 2675, 3, 891 ],
   [ 0, 2675, 3, 892 ],
   [ 0, 2676, 3, 891 ],
   [ 0, 2676, 3, 892 ],
   [ 0, 2676, 3, 893 ],
   [ 0, 2677, 3, 892 ],
   [ 0, 2677, 3, 893 ],
   [ 0, 2677, 3, 894 ],
   [ 0, 2678, 3, 893 ],
   [ 0, 2678, 3, 894 ],
   [ 0, 2678, 3, 895 ],
   [ 0, 2679, 3, 894 ],
   [ 0, 2679, 3, 895 ],
   [ 0, 2679, 3, 896 ],
   [ 0, 2680, 3, 895 ],
   [ 0, 2680, 3, 896 ],
   [ 0, 2680, 3, 897 ],
   [ 0, 2681, 3, 896 ],
   [ 0, 2681, 3, 897 ],
   [ 0, 2681, 3, 898 ],
   [ 0, 2682, 3, 897 ],
   [ 0, 2682, 3, 898 ],
   [ 0, 2682, 3, 899 ],
   [ 0, 2683, 3, 898 ],
   [ 0, 2683, 3, 899 ],
   [ 0, 2683, 3, 900 ],
   [ 0, 2684, 3, 899 ],
   [ 0, 2684, 3, 900 ],
   [ 0, 2684, 3, 901 ],
   [ 0, 2685, 3, 900 ],
   [ 0, 2685, 3, 901 ],
   [ 0, 2685, 3, 902 ],
   [ 0, 2686, 3, 901 ],
   [ 0, 2686, 3, 902 ],
   [ 0, 2686, 3, 903 ],
   [ 0, 2687, 3, 902 ],
   [ 0, 2687, 3, 903 ],
   [ 0, 2687, 3, 904 ],
   [ 0, 2688, 3, 903 ],
   [ 0, 2688, 3, 904 ],
   [ 0, 2688, 3, 905 ],
   [ 0, 2689, 3, 904 ],
   [ 0, 2689, 3, 905 ],
   [ 0, 2689, 3, 906 ],
   [ 0, 2690, 3, 905 ],
   [ 0, 2690, 3, 906 ],
   [ 0, 2690, 3, 907 ],
   [ 0, 2691, 3, 906 ],
   [ 0, 2691, 3, 907 ],
   [ 0, 2691, 3, 908 ],
   [ 0, 2692, 3, 907 ],
   [ 0, 2692, 3, 908 ],
   [ 0, 2692, 3, 909 ],
   [ 0, 2693, 3, 908 ],
   [ 0, 2693, 3, 909 ],
   [ 0, 2693, 3, 910 ],
   [ 0, 2694, 3, 909 ],
   [ 0, 2694, 3, 910 ],
   [ 0, 2694, 3, 911 ],
   [ 0, 2695, 3, 910 ],
   [ 0, 2695, 3, 911 ],
   [ 0, 2695, 3, 912 ],
   [ 0, 2696, 3, 911 ],
   [ 0, 2696, 3, 912 ],
   [ 0, 2696, 3, 913 ],
   [ 0, 2697, 3, 912 ],
   [ 0, 2697, 3, 913 ],
   [ 0, 2697, 3, 914 ],
   [ 0, 2698, 3, 913 ],
   [ 0, 2698, 3, 914 ],
   [ 0, 2698, 3, 915 ],
   [ 0, 2699, 3, 914 ],
   [ 0, 2699, 3, 915 ],
   [ 0, 2699, 3, 916 ],
   [ 0, 2700, 3, 915 ],
   [ 0, 2700, 3, 916 ],
   [ 0, 2700, 3, 917 ],
   [ 0, 2701, 3, 916 ],
   [ 0, 2701, 3, 917 ],
   [ 0, 2701, 3, 918 ],
   [ 0, 2702, 3, 917 ],
   [ 0, 2702, 3, 918 ],
   [ 0, 2702, 3, 919 ],
   [ 0, 2703, 3, 918 ],
   [ 0, 2703, 3, 919 ],
   [ 0, 2703, 3, 920 ],
   [ 0, 2704, 3, 919 ],
   [ 0, 2704, 3, 920 ],
   [ 0, 2704, 3, 921 ],
   [ 0, 2705, 3, 920 ],
   [ 0, 2705, 3, 921 ],
   [ 0, 2705, 3, 922 ],
   [ 0, 2706, 3, 921 ],
   [ 0, 2706, 3, 922 ],
   [ 0, 2706, 3, 923 ],
   [ 0, 2707, 3, 922 ],
   [ 0, 2707, 3, 923 ],
   [ 0, 2707, 3, 924 ],
   [ 0, 2708, 3, 923 ],
   [ 0, 2708, 3, 924 ],
   [ 0, 2708, 3, 925 ],
   [ 0, 2709, 3, 924 ],
   [ 0, 2709, 3, 925 ],
   [ 0, 2709, 3, 926 ],
   [ 0, 2710, 3, 925 ],
   [ 0, 2710, 3, 926 ],
   [ 0, 2710, 3, 927 ],
   [ 0, 2711, 3, 926 ],
   [ 0, 2711, 3, 927 ],
   [ 0, 2711, 3, 928 ],
   [ 0, 2712, 3, 927 ],
   [ 0, 2712, 3, 928 ],
   [ 0, 2712, 3, 929 ],
   [ 0, 2713, 3, 928 ],
   [ 0, 2713, 3, 929 ],
   [ 0, 2713, 3, 930 ],
   [ 0, 2714, 3, 929 ],
   [ 0, 2714, 3, 930 ],
   [ 0, 2714, 3, 931 ],
   [ 0, 2715, 3, 930 ],
   [ 0, 2715, 3, 931 ],
   [ 0, 2715, 3, 932 ],
   [ 0, 2716, 3, 931 ],
   [ 0, 2716, 3, 932 ],
   [ 0, 2716, 3, 933 ],
   [ 0, 2717, 3, 932 ],
   [ 0, 2717, 3, 933 ],
   [ 0, 2717, 3, 934 ],
   [ 0, 2718, 3, 933 ],
   [ 0, 2718, 3, 934 ],
   [ 0, 2718, 3, 935 ],
   [ 0, 2719, 3, 934 ],
   [ 0, 2719, 3, 935 ],
   [ 0, 2719, 3, 936 ],
   [ 0, 2720, 3, 935 ],
   [ 0, 2720, 3, 936 ],
   [ 0, 2720, 3, 937 ],
   [ 0, 2721, 3, 936 ],
   [ 0, 2721, 3, 937 ],
   [ 0, 2721, 3, 938 ],
   [ 0, 2722, 3, 937 ],
   [ 0, 2722, 3, 938 ],
   [ 0, 2722, 3, 939 ],
   [ 0, 2723, 3, 938 ],
   [ 0, 2723, 3, 939 ],
   [ 0, 2723, 3, 940 ],
   [ 0, 2724, 3, 939 ],
   [ 0, 2724, 3, 940 ],
   [ 0, 2724, 3, 941 ],
   [ 0, 2725, 3, 940 ],
   [ 0, 2725, 3, 941 ],
   [ 0, 2725, 3, 942 ],
   [ 0, 2726, 3, 941 ],
   [ 0, 2726, 3, 942 ],
   [ 0, 2726, 3, 943 ],
   [ 0, 2727, 3, 942 ],
   [ 0, 2727, 3, 943 ],
   [ 0, 2727, 3, 944 ],
   [ 0, 2728, 3, 943 ],
   [ 0, 2728, 3, 944 ],
   [ 0, 2728, 3, 945 ],
   [ 0, 2729, 3, 944 ],
   [ 0, 2729, 3, 945 ],
   [ 0, 2729, 3, 946 ],
   [ 0, 2730, 3, 945 ],
   [ 0, 2730, 3, 946 ],
   [ 0, 2730, 3, 947 ],
   [ 0, 2731, 3, 946 ],
   [ 0, 2731, 3, 947 ],
   [ 0, 2731, 3, 948 ],
   [ 0, 2732, 3, 947 ],
   [ 0, 2732, 3, 948 ],
   [ 0, 2732, 3, 949 ],
   [ 0, 2733, 3, 948 ],
   [ 0, 2733, 3, 949 ],
   [ 0, 2733, 3, 950 ],
   [ 0, 2734, 3, 949 ],
   [ 0, 2734, 3, 950 ],
   [ 0, 2734, 3, 951 ],
   [ 0, 2735, 3, 950 ],
   [ 0, 2735, 3, 951 ],
   [ 0, 2735, 3, 952 ],
   [ 0, 2736, 3, 951 ],
   [ 0, 2736, 3, 952 ],
   [ 0, 2736, 3, 953 ],
   [ 0, 2737, 3, 952 ],
   [ 0, 2737, 3, 953 ],
   [ 0, 2737, 3, 954 ],
   [ 0, 2738, 3, 953 ],
   [ 0, 2738, 3, 954 ],
   [ 0, 2738, 3, 955 ],
   [ 0, 2739, 3, 954 ],
   [ 0, 2739, 3, 955 ],
   [ 0, 2739, 3, 956 ],
   [ 0, 2740, 3, 955 ],
   [ 0, 2740, 3, 956 ],
   [ 0, 2740, 3, 957 ],
   [ 0, 2741, 3, 956 ],
   [ 0, 2741, 3, 957 ],
   [ 0, 2741, 3, 958 ],
   [ 0, 2742, 3, 957 ],
   [ 0, 2742, 3, 958 ],
   [ 0, 2742, 3, 959 ],
   [ 0, 2743, 3, 958 ],
   [ 0, 2743, 3, 959 ],
   [ 0, 2743, 3, 960 ],
   [ 0, 2744, 3, 959 ],
   [ 0, 2744, 3, 960 ],
   [ 0, 2744, 3, 961 ],
   [ 0, 2745, 3, 960 ],
   [ 0, 2745, 3, 961 ],
   [ 0, 2745, 3, 962 ],
   [ 0, 2746, 3, 961 ],
   [ 0, 2746, 3, 962 ],
   [ 0, 2746, 3, 963 ],
   [ 0, 2747, 3, 962 ],
   [ 0, 2747, 3, 963 ],
   [ 0, 2747, 3, 964 ],
   [ 0, 2748, 3, 963 ],
   [ 0, 2748, 3, 964 ],
   [ 0, 2748, 3, 965 ],
   [ 0, 2749, 3, 964 ],
   [ 0, 2749, 3, 965 ],
   [ 0, 2749, 3, 966 ],
   [ 0, 2750, 3, 965 ],
   [ 0, 2750, 3, 966 ],
   [ 0, 2750, 3, 967 ],
   [ 0, 2751, 3, 966 ],
   [ 0, 2751, 3, 967 ],
   [ 0, 2751, 3, 968 ],
   [ 0, 2752, 3, 967 ],
   [ 0, 2752, 3, 968 ],
   [ 0, 2752, 3, 969 ],
   [ 0, 2753, 3, 968 ],
   [ 0, 2753, 3, 969 ],
   [ 0, 2753, 3, 970 ],
   [ 0, 2754, 3, 969 ],
   [ 0, 2754, 3, 970 ],
   [ 0, 2754, 3, 971 ],
   [ 0, 2755, 3, 970 ],
   [ 0, 2755, 3, 971 ],
   [ 0, 2755, 3, 972 ],
   [ 0, 2756, 3, 971 ],
   [ 0, 2756, 3, 972 ],
   [ 0, 2756, 3, 973 ],
   [ 0, 2757, 3, 972 ],
   [ 0, 2757, 3, 973 ],
   [ 0, 2757, 3, 974 ],
   [ 0, 2758, 3, 973 ],
   [ 0, 2758, 3, 974 ],
   [ 0, 2758, 3, 975 ],
   [ 0, 2759, 3, 974 ],
   [ 0, 2759, 3, 975 ],
   [ 0, 2759, 3, 976 ],
   [ 0, 2760, 3, 975 ],
   [ 0, 2760, 3, 976 ],
   [ 0, 2760, 3, 977 ],
   [ 0, 2761, 3, 976 ],
   [ 0, 2761, 3, 977 ],
   [ 0, 2761, 3, 978 ],
   [ 0, 2762, 3, 977 ],
   [ 0, 2762, 3, 978 ],
   [ 0, 2762, 3, 979 ],
   [ 0, 2763, 3, 978 ],
   [ 0, 2763, 3, 979 ],
   [ 0, 2763, 3, 980 ],
   [ 0, 2764, 3, 979 ],
   [ 0, 2764, 3, 980 ],
   [ 0, 2764, 3, 981 ],
   [ 0, 2765, 3, 980 ],
   [ 0, 2765, 3, 981 ],
   [ 0, 2765, 3, 982 ],
   [ 0, 2766, 3, 981 ],
   [ 0, 2766, 3, 982 ],
   [ 0, 2766, 3, 983 ],
   [ 0, 2767, 3, 982 ],
   [ 0, 2767, 3, 983 ],
   [ 0, 2767, 3, 984 ],
   [ 0, 2768, 3, 983 ],
   [ 0, 2768, 3, 984 ],
   [ 0, 2768, 3, 985 ],
   [ 0, 2769, 3, 984 ],
   [ 0, 2769, 3, 985 ],
   [ 0, 2769, 3, 986 ],
   [ 0, 2770, 3, 985 ],
   [ 0, 2770, 3, 986 ],
   [ 0, 2770, 3, 987 ],
   [ 0, 2771, 3, 986 ],
   [ 0, 2771, 3, 987 ],
   [ 0, 2771, 3, 988 ],
   [ 0, 2772, 3, 987 ],
   [ 0, 2772, 3, 988 ],
   [ 0, 2772, 3, 989 ],
   [ 0, 2773, 3, 988 ],
   [ 0, 2773, 3, 989 ],
   [ 0, 2773, 3, 990 ],
   [ 0, 2774, 3, 989 ],
   [ 0, 2774, 3, 990 ],
   [ 0, 2774, 3, 991 ],
   [ 0, 2775, 3, 990 ],
   [ 0, 2775, 3, 991 ],
   [ 0, 2775, 3, 992 ],
   [ 0, 2776, 3, 991 ],
   [ 0, 2776, 3, 992 ],
   [ 0, 2776, 3, 993 ],
   [ 0, 2777, 3, 992 ],
   [ 0, 2777, 3, 993 ],
   [ 0, 2777, 3, 994 ],
   [ 0, 2778, 3, 993 ],
   [ 0, 2778, 3, 994 ],
   [ 0, 2778, 3, 995 ],
   [ 0, 2779, 3, 994 ],
   [ 0, 2779, 3, 995 ],
   [ 0, 2779, 3, 996 ],
   [ 0, 2780, 3, 995 ],
   [ 0, 2780, 3, 996 ],
   [ 0, 2780, 3, 997 ],
   [ 0, 2781, 3, 996 ],
   [ 0, 2781, 3, 997 ],
   [ 0, 2781, 3, 998 ],
   [ 0, 2782, 3, 997 ],
   [ 0, 2782, 3, 998 ],
   [ 0, 2782, 3, 999 ],
   [ 0, 2783, 3, 998 ],
   [ 0, 2783, 3, 999 ],
   [ 0, 2783, 3, 1000 ],
   [ 0, 2784, 3, 999 ],
   [ 0, 2784, 3, 1000 ],
   [ 0, 2784, 3, 1001 ],
   [ 0, 2785, 3, 1000 ],
   [ 0, 2785, 3, 1001 ],
   [ 0, 2785, 3, 1002 ],
   [ 0, 2786, 3, 1001 ],
   [ 0, 2786, 3, 1002 ],
   [ 0, 2786, 3, 1003 ],
   [ 0, 2787, 3, 1002 ],
   [ 0, 2787, 3, 1003 ],
   [ 0, 2787, 3, 1004 ],
   [ 0, 2788, 3, 1003 ],
   [ 0, 2788, 3, 1004 ],
   [ 0, 2788, 3, 1005 ],
   [ 0, 2789, 3, 1004 ],
   [ 0, 2789, 3, 1005 ],
   [ 0, 2789, 3, 1006 ],
   [ 0, 2790, 3, 1005 ],
   [ 0, 2790, 3, 1006 ],
   [ 0, 2790, 3, 1007 ],
   [ 0, 2791, 3, 1006 ],
   [ 0, 2791, 3, 1007 ],
   [ 0, 2791, 3, 1008 ],
   [ 0, 2792, 3, 1007 ],
   [ 0, 2792, 3, 1008 ],
   [ 0, 2792, 3, 1009 ],
   [ 0, 2793, 3, 1008 ],
   [ 0, 2793, 3, 1009 ],
   [ 0, 2793, 3, 1010 ],
   [ 0, 2794, 3, 1009 ],
   [ 0, 2794, 3, 1010 ],
   [ 0, 2794, 3, 1011 ],
   [ 0, 2795, 3, 1010 ],
   [ 0, 2795, 3, 1011 ],
   [ 0, 2795, 3, 1012 ],
   [ 0, 2796, 3, 1011 ],
   [ 0, 2796, 3, 1012 ],
   [ 0, 2796, 3, 1013 ],
   [ 0, 2797, 3, 1012 ],
   [ 0, 2797, 3, 1013 ],
   [ 0, 2797, 3, 1014 ],
   [ 0, 2798, 3, 1013 ],
   [ 0, 2798, 3, 1014 ],
   [ 0, 2798, 3, 1015 ],
   [ 0, 2799, 3, 1014 ],
   [ 0, 2799, 3, 1015 ],
   [ 0, 2799, 3, 1016 ],
   [ 0, 2800, 3, 1015 ],
   [ 0, 2800, 3, 1016 ],
   [ 0, 2800, 3, 1017 ],
   [ 0, 2801, 3, 1016 ],
   [ 0, 2801, 3, 1017 ],
   [ 0, 2801, 3, 1018 ],
   [ 0, 2802, 3, 1017 ],
   [ 0, 2802, 3, 1018 ],
   [ 0, 2802, 3, 1019 ],
   [ 0, 2803, 3, 1018 ],
   [ 0, 2803, 3, 1019 ],
   [ 0, 2803, 3, 1020 ],
   [ 0, 2804, 3, 1019 ],
   [ 0, 2804, 3, 1020 ],
   [ 0, 2804, 3, 1021 ],
   [ 0, 2805, 3, 1020 ],
   [ 0, 2805, 3, 1021 ],
   [ 0, 2805, 3, 1022 ],
   [ 0, 2806, 3, 1021 ],
   [ 0, 2806, 3, 1022 ],
   [ 0, 2806, 3, 1023 ],
   [ 0, 2807, 3, 1022 ],
   [ 0, 2807, 3, 1023 ],
   [ 0, 2807, 3, 1024 ],
   [ 0, 2808, 3, 1023 ],
   [ 0, 2808, 3, 1024 ],
   [ 0, 2808, 3, 1025 ],
   [ 0, 2809, 3, 1024 ],
   [ 0, 2809, 3, 1025 ],
   [ 0, 2809, 3, 1026 ],
   [ 0, 2810, 3, 1025 ],
   [ 0, 2810, 3, 1026 ],
   [ 0, 2810, 3, 1027 ],
   [ 0, 2811, 3, 1026 ],
   [ 0, 2811, 3, 1027 ],
   [ 0, 2811, 3, 1028 ],
   [ 0, 2812, 3, 1027 ],
   [ 0, 2812, 3, 1028 ],
   [ 0, 2812, 3, 1029 ],
   [ 0, 2813, 3, 1028 ],
   [ 0, 2813, 3, 1029 ],
   [ 0, 2813, 3, 1030 ],
   [ 0, 2814, 3, 1029 ],
   [ 0, 2814, 3, 1030 ],
   [ 0, 2814, 3, 1031 ],
   [ 0, 2815, 3, 1030 ],
   [ 0, 2815, 3, 1031 ],
   [ 0, 2815, 3, 1032 ],
   [ 0, 2816, 3, 1031 ],
   [ 0, 2816, 3, 1032 ],
   [ 0, 2816, 3, 1033 ],
   [ 0, 2817, 3, 1032 ],
   [ 0, 2817, 3, 1033 ],
   [ 0, 2817, 3, 1034 ],
   [ 0, 2818, 3, 1033 ],
   [ 0, 2818, 3, 1034 ],
   [ 0, 2818, 3, 1035 ],
   [ 0, 2819, 3, 1034 ],
   [ 0, 2819, 3, 1035 ],
   [ 0, 2819, 3, 1036 ],
   [ 0, 2820, 3, 1035 ],
   [ 0, 2820, 3, 1036 ],
   [ 0, 2820, 3, 1037 ],
   [ 0, 2821, 3, 1036 ],
   [ 0, 2821, 3, 1037 ],
   [ 0, 2821, 3, 1038 ],
   [ 0, 2822, 3, 1037 ],
   [ 0, 2822, 3, 1038 ],
   [ 0, 2822, 3, 1039 ],
   [ 0, 2823, 3, 1038 ],
   [ 0, 2823, 3, 1039 ],
   [ 0, 2823, 3, 1040 ],
   [ 0, 2824, 3, 1039 ],
   [ 0, 2824, 3, 1040 ],
   [ 0, 2824, 3, 1041 ],
   [ 0, 2825, 3, 1040 ],
   [ 0, 2825, 3, 1041 ],
   [ 0, 2825, 3, 1042 ],
   [ 0, 2826, 3, 1041 ],
   [ 0, 2826, 3, 1042 ],
   [ 0, 2826, 3, 1043 ],
   [ 0, 2827, 3, 1042 ],
   [ 0, 2827, 3, 1043 ],
   [ 0, 2827, 3, 1044 ],
   [ 0, 2828, 3, 1043 ],
   [ 0, 2828, 3, 1044 ],
   [ 0, 2828, 3, 1045 ],
   [ 0, 2829, 3, 1044 ],
   [ 0, 2829, 3, 1045 ],
   [ 0, 2829, 3, 1046 ],
   [ 0, 2830, 3, 1045 ],
   [ 0, 2830, 3, 1046 ],
   [ 0, 2830, 3, 1047 ],
   [ 0, 2831, 3, 1046 ],
   [ 0, 2831, 3, 1047 ],
   [ 0, 2831, 3, 1048 ],
   [ 0, 2832, 3, 1047 ],
   [ 0, 2832, 3, 1048 ],
   [ 0, 2832, 3, 1049 ],
   [ 0, 2833, 3, 1048 ],
   [ 0, 2833, 3, 1049 ],
   [ 0, 2833, 3, 1050 ],
   [ 0, 2834, 3, 1049 ],
   [ 0, 2834, 3, 1050 ],
   [ 0, 2834, 3, 1051 ],
   [ 0, 2835, 3, 1050 ],
   [ 0, 2835, 3, 1051 ],
   [ 0, 2835, 3, 1052 ],
   [ 0, 2836, 3, 1051 ],
   [ 0, 2836, 3, 1052 ],
   [ 0, 2836, 3, 1053 ],
   [ 0, 2837, 3, 1052 ],
   [ 0, 2837, 3, 1053 ],
   [ 0, 2837, 3, 1054 ],
   [ 0, 2838, 3, 1053 ],
   [ 0, 2838, 3, 1054 ],
   [ 0, 2838, 3, 1055 ],
   [ 0, 2839, 3, 1054 ],
   [ 0, 2839, 3, 1055 ],
   [ 0, 2839, 3, 1056 ],
   [ 0, 2840, 3, 1055 ],
   [ 0, 2840, 3, 1056 ],
   [ 0, 2840, 3, 1057 ],
   [ 0, 2841, 3, 1056 ],
   [ 0, 2841, 3, 1057 ],
   [ 0, 2841, 3, 1058 ],
   [ 0, 2842, 3, 1057 ],
   [ 0, 2842, 3, 1058 ],
   [ 0, 2842, 3, 1059 ],
   [ 0, 2843, 3, 1058 ],
   [ 0, 2843, 3, 1059 ],
   [ 0, 2843, 3, 1060 ],
   [ 0, 2844, 3, 1059 ],
   [ 0, 2844, 3, 1060 ],
   [ 0, 2844, 3, 1061 ],
   [ 0, 2845, 3, 1060 ],
   [ 0, 2845, 3, 1061 ],
   [ 0, 2845, 3, 1062 ],
   [ 0, 2846, 3, 1061 ],
   [ 0, 2846, 3, 1062 ],
   [ 0, 2846, 3, 1063 ],
   [ 0, 2847, 3, 1062 ],
   [ 0, 2847, 3, 1063 ],
   [ 0, 2847, 3, 1064 ],
   [ 0, 2848, 3, 1063 ],
   [ 0, 2848, 3, 1064 ],
   [ 0, 2848, 3, 1065 ],
   [ 0, 2849, 3, 1064 ],
   [ 0, 2849, 3, 1065 ],
   [ 0, 2849, 3, 1066 ],
   [ 0, 2850, 3, 1065 ],
   [ 0, 2850, 3, 1066 ],
   [ 0, 2850, 3, 1067 ],
   [ 0, 2851, 3, 1066 ],
   [ 0, 2851, 3, 1067 ],
   [ 0, 2851, 3, 1068 ],
   [ 0, 2852, 3, 1067 ],
   [ 0, 2852, 3, 1068 ],
   [ 0, 2852, 3, 1069 ],
   [ 0, 2853, 3, 1068 ],
   [ 0, 2853, 3, 1069 ],
   [ 0, 2853, 3, 1070 ],
   [ 0, 2854, 3, 1069 ],
   [ 0, 2854, 3, 1070 ],
   [ 0, 2854, 3, 1071 ],
   [ 0, 2855, 3, 1070 ],
   [ 0, 2855, 3, 1071 ],
   [ 0, 2855, 3, 1072 ],
   [ 0, 2856, 3, 1071 ],
   [ 0, 2856, 3, 1072 ],
   [ 0, 2856, 3, 1073 ],
   [ 0, 2857, 3, 1072 ],
   [ 0, 2857, 3, 1073 ],
   [ 0, 2857, 3, 1074 ],
   [ 0, 2858, 3, 1073 ],
   [ 0, 2858, 3, 1074 ],
   [ 0, 2858, 3, 1075 ],
   [ 0, 2859, 3, 1074 ],
   [ 0, 2859, 3, 1075 ],
   [ 0, 2859, 3, 1076 ],
   [ 0, 2860, 3, 1075 ],
   [ 0, 2860, 3, 1076 ],
   [ 0, 2860, 3, 1077 ],
   [ 0, 2861, 3, 1076 ],
   [ 0, 2861, 3, 1077 ],
   [ 0, 2861, 3, 1078 ],
   [ 0, 2862, 3, 1077 ],
   [ 0, 2862, 3, 1078 ],
   [ 0, 2862, 3, 1079 ],
   [ 0, 2863, 3, 1078 ],
   [ 0, 2863, 3, 1079 ],
   [ 0, 2863, 3, 1080 ],
   [ 0, 2864, 3, 1079 ],
   [ 0, 2864, 3, 1080 ],
   [ 0, 2864, 3, 1081 ],
   [ 0, 2865, 3, 1080 ],
   [ 0, 2865, 3, 1081 ],
   [ 0, 2865, 3, 1082 ],
   [ 0, 2866, 3, 1081 ],
   [ 0, 2866, 3, 1082 ],
   [ 0, 2866, 3, 1083 ],
   [ 0, 2867, 3, 1082 ],
   [ 0, 2867, 3, 1083 ],
   [ 0, 2867, 3, 1084 ],
   [ 0, 2868, 3, 1083 ],
   [ 0, 2868, 3, 1084 ],
   [ 0, 2868, 3, 1085 ],
   [ 0, 2869, 3, 1084 ],
   [ 0, 2869, 3, 1085 ],
   [ 0, 2869, 3, 1086 ],
   [ 0, 2870, 3, 1085 ],
   [ 0, 2870, 3, 1086 ],
   [ 0, 2870, 3, 1087 ],
   [ 0, 2871, 3, 1086 ],
   [ 0, 2871, 3, 1087 ],
   [ 0, 2871, 3, 1088 ],
   [ 0, 2872, 3, 1087 ],
   [ 0, 2872, 3, 1088 ],
   [ 0, 2872, 3, 1089 ],
   [ 0, 2873, 3, 1088 ],
   [ 0, 2873, 3, 1089 ],
   [ 0, 2873, 3, 1090 ],
   [ 0, 2874, 3, 1089 ],
   [ 0, 2874, 3, 1090 ],
   [ 0, 2874, 3, 1091 ],
   [ 0, 2875, 3, 1090 ],
   [ 0, 2875, 3, 1091 ],
   [ 0, 2875, 3, 1092 ],
   [ 0, 2876, 3, 1091 ],
   [ 0, 2876, 3, 1092 ],
   [ 0, 2876, 3, 1093 ],
   [ 0, 2877, 3, 1092 ],
   [ 0, 2877, 3, 1093 ],
   [ 0, 2877, 3, 1094 ],
   [ 0, 2878, 3, 1093 ],
   [ 0, 2878, 3, 1094 ],
   [ 0, 2878, 3, 1095 ],
   [ 0, 2879, 3, 1094 ],
   [ 0, 2879, 3, 1095 ],
   [ 0, 2879, 3, 1096 ],
   [ 0, 2880, 3, 1095 ],
   [ 0, 2880, 3, 1096 ],
   [ 0, 2880, 3, 1097 ],
   [ 0, 2881, 3, 1096 ],
   [ 0, 2881, 3, 1097 ],
   [ 0, 2881, 3, 1098 ],
   [ 0, 2882, 3, 1097 ],
   [ 0, 2882, 3, 1098 ],
   [ 0, 2882, 3, 1099 ],
   [ 0, 2883, 3, 1098 ],
   [ 0, 2883, 3, 1099 ],
   [ 0, 2883, 3, 1100 ],
   [ 0, 2884, 3, 1099 ],
   [ 0, 2884, 3, 1100 ],
   [ 0, 2884, 3, 1101 ],
   [ 0, 2885, 3, 1100 ],
   [ 0, 2885, 3, 1101 ],
   [ 0, 2885, 3, 1102 ],
   [ 0, 2886, 3, 1101 ],
   [ 0, 2886, 3, 1102 ],
   [ 0, 2886, 3, 1103 ],
   [ 0, 2887, 3, 1102 ],
   [ 0, 2887, 3, 1103 ],
   [ 0, 2887, 3, 1104 ],
   [ 0, 2888, 3, 1103 ],
   [ 0, 2888, 3, 1104 ],
   [ 0, 2888, 3, 1105 ],
   [ 0, 2889, 3, 1104 ],
   [ 0, 2889, 3, 1105 ],
   [ 0, 2889, 3, 1106 ],
   [ 0, 2890, 3, 1105 ],
   [ 0, 2890, 3, 1106 ],
   [ 0, 2890, 3, 1107 ],
   [ 0, 2891, 3, 1106 ],
   [ 0, 2891, 3, 1107 ],
   [ 0, 2891, 3, 1108 ],
   [ 0, 2892, 3, 1107 ],
   [ 0, 2892, 3, 1108 ],
   [ 0, 2892, 3, 1109 ],
   [ 0, 2893, 3, 1108 ],
   [ 0, 2893, 3, 1109 ],
   [ 0, 2893, 3, 1110 ],
   [ 0, 2894, 3, 1109 ],
   [ 0, 2894, 3, 1110 ],
   [ 0, 2894, 3, 1111 ],
   [ 0, 2895, 3, 1110 ],
   [ 0, 2895, 3, 1111 ],
   [ 0, 2895, 3, 1112 ],
   [ 0, 2896, 3, 1111 ],
   [ 0, 2896, 3, 1112 ],
   [ 0, 2896, 3, 1113 ],
   [ 0, 2897, 3, 1112 ],
   [ 0, 2897, 3, 1113 ],
   [ 0, 2897, 3, 1114 ],
   [ 0, 2898, 3, 1113 ],
   [ 0, 2898, 3, 1114 ],
   [ 0, 2898, 3, 1115 ],
   [ 0, 2899, 3, 1114 ],
   [ 0, 2899, 3, 1115 ],
   [ 0, 2899, 3, 1116 ],
   [ 0, 2900, 3, 1115 ],
   [ 0, 2900, 3, 1116 ],
   [ 0, 2900, 3, 1117 ],
   [ 0, 2901, 3, 1116 ],
   [ 0, 2901, 3, 1117 ],
   [ 0, 2901, 3, 1118 ],
   [ 0, 2902, 3, 1117 ],
   [ 0, 2902, 3, 1118 ],
   [ 0, 2902, 3, 1119 ],
   [ 0, 2903, 3, 1118 ],
   [ 0, 2903, 3, 1119 ],
   [ 0, 2903, 3, 1120 ],
   [ 0, 2904, 3, 1119 ],
   [ 0, 2904, 3, 1120 ],
   [ 0, 2904, 3, 1121 ],
   [ 0, 2905, 3, 1120 ],
   [ 0, 2905, 3, 1121 ],
   [ 0, 2905, 3, 1122 ],
   [ 0, 2906, 3, 1121 ],
   [ 0, 2906, 3, 1122 ],
   [ 0, 2906, 3, 1123 ],
   [ 0, 2907, 3, 1122 ],
   [ 0, 2907, 3, 1123 ],
   [ 0, 2907, 3, 1124 ],
   [ 0, 2908, 3, 1123 ],
   [ 0, 2908, 3, 1124 ],
   [ 0, 2908, 3, 1125 ],
   [ 0, 2909, 3, 1124 ],
   [ 0, 2909, 3, 1125 ],
   [ 0, 2910, 3, 1125 ],
   [ 0, 2899, 3, 1116 ],
   [ 0, 2900, 3, 1116 ],
   [ 0, 2900, 3, 1117 ],
   [ 0, 2901, 3, 1116 ],
   [ 0, 2901, 3, 1117 ],
   [ 0, 2901, 3, 1118 ],
   [ 0, 2902, 3, 1117 ],
   [ 0, 2902, 3, 1118 ],
   [ 0, 2902, 3, 1119 ],
   [ 0, 2903, 3, 1118 ],
   [ 0, 2903, 3, 1119 ],
   [ 0, 2903, 3, 1120 ],
   [ 0, 2904, 3, 1119 ],
   [ 0, 2904, 3, 1120 ],
   [ 0, 2904, 3, 1121 ],
   [ 0, 2905, 3, 1120 ],
   [ 0, 2905, 3, 1121 ],
   [ 0, 2905, 3, 1122 ],
   [ 0, 2906, 3, 1121 ],
   [ 0, 2906, 3, 1122 ],
   [ 0, 2906, 3, 1123 ],
   [ 0, 2907, 3, 1122 ],
   [ 0, 2907, 3, 1123 ],
   [ 0, 2907, 3, 1124 ],
   [ 0, 2908, 3, 1123 ],
   [ 0, 2908, 3, 1124 ],
   [ 0, 2908, 3, 1125 ],
   [ 0, 2909, 3, 1124 ],
   [ 0, 2909, 3, 1125 ],
   [ 0, 2909, 3, 1126 ],
   [ 0, 2910, 3, 1125 ],
   [ 0, 2910, 3, 1126 ],
   [ 0, 2910, 3, 1127 ],
   [ 0, 2911, 3, 1126 ],
   [ 0, 2911, 3, 1127 ],
   [ 0, 2911, 3, 1128 ],
   [ 0, 2912, 3, 1127 ],
   [ 0, 2912, 3, 1128 ],
   [ 0, 2912, 3, 1129 ],
   [ 0, 2903, 3, 1118 ],
   [ 0, 2903, 3, 1119 ],
   [ 0, 2903, 3, 1120 ],
   [ 0, 2904, 3, 1119 ],
   [ 0, 2904, 3, 1120 ],
   [ 0, 2904, 3, 1121 ],
   [ 0, 2905, 3, 1120 ],
   [ 0, 2905, 3, 1121 ],
   [ 0, 2905, 3, 1122 ],
   [ 0, 2906, 3, 1121 ],
   [ 0, 2906, 3, 1122 ],
   [ 0, 2906, 3, 1123 ],
   [ 0, 2907, 3, 1122 ],
   [ 0, 2907, 3, 1123 ],
   [ 0, 2907, 3, 1124 ],
   [ 0, 2908, 3, 1123 ],
   [ 0, 2908, 3, 1124 ],
   [ 0, 2908, 3, 1125 ],
   [ 0, 2909, 3, 1124 ],
   [ 0, 2909, 3, 1125 ],
   [ 0, 2910, 3, 1125 ],
   [ 0, 2903, 3, 1118 ],
   [ 0, 2903, 3, 1119 ],
   [ 0, 2903, 3, 1120 ],
   [ 0, 2904, 3, 1119 ],
   [ 0, 2904, 3, 1120 ],
   [ 0, 2904, 3, 1121 ],
   [ 0, 2905, 3, 1120 ],
   [ 0, 2905, 3, 1121 ],
   [ 0, 2905, 3, 1122 ],
   [ 0, 2906, 3, 1121 ],
   [ 0, 2906, 3, 1122 ],
   [ 0, 2906, 3, 1123 ],
   [ 0, 2907, 3, 1122 ],
   [ 0, 2907, 3, 1123 ],
   [ 0, 2907, 3, 1124 ],
   [ 0, 2908, 3, 1123 ],
   [ 0, 2908, 3, 1124 ],
   [ 0, 2908, 3, 1125 ],
   [ 0, 2909, 3, 1124 ],
   [ 0, 2909, 3, 1125 ],
   [ 0, 2909, 3, 1126 ],
   [ 0, 2910, 3, 1125 ],
   [ 0, 2910, 3, 1126 ],
   [ 0, 2910, 3, 1127 ],
   [ 0, 2911, 3, 1126 ],
   [ 0, 2911, 3, 1127 ],
   [ 0, 2911, 3, 1128 ],
   [ 0, 2912, 3, 1127 ],
   [ 0, 2912, 3, 1128 ],
   [ 0, 2912, 3, 1129 ],
   [ 0, 2913, 3, 1128 ],
   [ 0, 2913, 3, 1129 ],
   [ 0, 2913, 3, 1130 ],
   [ 0, 2914, 3, 1129 ],
   [ 0, 2914, 3, 1130 ],
   [ 0, 2914, 3, 1131 ],
   [ 0, 2915, 3, 1130 ],
   [ 0, 2915, 3, 1131 ],
   [ 0, 2915, 3, 1132 ],
   [ 0, 2916, 3, 1131 ],
   [ 0, 2916, 3, 1132 ],
   [ 0, 2916, 3, 1133 ],
   [ 0, 2917, 3, 1132 ],
   [ 0, 2917, 3, 1133 ],
   [ 0, 2917, 3, 1134 ],
   [ 0, 2918, 3, 1133 ],
   [ 0, 2918, 3, 1134 ],
   [ 0, 2918, 3, 1135 ],
   [ 0, 2919, 3, 1134 ],
   [ 0, 2919, 3, 1135 ],
   [ 0, 2919, 3, 1136 ],
   [ 0, 2920, 3, 1135 ],
   [ 0, 2920, 3, 1136 ],
   [ 0, 2920, 3, 1137 ],
   [ 0, 2921, 3, 1136 ],
   [ 0, 2921, 3, 1137 ],
   [ 0, 2921, 3, 1138 ],
   [ 0, 2922, 3, 1137 ],
   [ 0, 2922, 3, 1138 ],
   [ 0, 2922, 3, 1139 ],
   [ 0, 2923, 3, 1138 ],
   [ 0, 2923, 3, 1139 ],
   [ 0, 2923, 3, 1140 ],
   [ 0, 2924, 3, 1139 ],
   [ 0, 2924, 3, 1140 ],
   [ 0, 2924, 3, 1141 ],
   [ 0, 2925, 3, 1140 ],
   [ 0, 2925, 3, 1141 ],
   [ 0, 2925, 3, 1142 ],
   [ 0, 2926, 3, 1141 ],
   [ 0, 2926, 3, 1142 ],
   [ 0, 2926, 3, 1143 ],
   [ 0, 2927, 3, 1142 ],
   [ 0, 2927, 3, 1143 ],
   [ 0, 2927, 3, 1144 ],
   [ 0, 2928, 3, 1143 ],
   [ 0, 2928, 3, 1144 ],
   [ 0, 2928, 3, 1145 ],
   [ 0, 2929, 3, 1144 ],
   [ 0, 2929, 3, 1145 ],
   [ 0, 2929, 3, 1146 ],
   [ 0, 2930, 3, 1145 ],
   [ 0, 2930, 3, 1146 ],
   [ 0, 2930, 3, 1147 ],
   [ 0, 2931, 3, 1146 ],
   [ 0, 2931, 3, 1147 ],
   [ 0, 2931, 3, 1148 ],
   [ 0, 2932, 3, 1147 ],
   [ 0, 2932, 3, 1148 ],
   [ 0, 2932, 3, 1149 ],
   [ 0, 2933, 3, 1148 ],
   [ 0, 2933, 3, 1149 ],
   [ 0, 2933, 3, 1150 ],
   [ 0, 2934, 3, 1149 ],
   [ 0, 2934, 3, 1150 ],
   [ 0, 2934, 3, 1151 ],
   [ 0, 2935, 3, 1150 ],
   [ 0, 2935, 3, 1151 ],
   [ 0, 2935, 3, 1152 ],
   [ 0, 2936, 3, 1151 ],
   [ 0, 2936, 3, 1152 ],
   [ 0, 2936, 3, 1153 ],
   [ 0, 2937, 3, 1152 ],
   [ 0, 2937, 3, 1153 ]
]
