[
   [
      0,
      [ 1148, 1457 ],
      1,
      [ 6666, 6972 ]
   ],
   [
      0,
      [ 2350, 2404 ],
      1,
      [ 2001, 1948 ]
   ],
   [
      0,
      [ 2405, 2407 ],
      1,
      [ 2055, 2057 ]
   ],
   [
      0,
      [ 2409, 2942 ],
      1,
      [ 2059, 2590 ]
   ],
   [
      0,
      [ 2943, 3027 ],
      1,
      [ 1418, 1325 ]
   ],
   [
      0,
      [ 3029, 3030 ],
      1,
      [ 1323, 1322 ]
   ],
   [
      0,
      [ 3031, 3033 ],
      1,
      [ 776, 778 ]
   ],
   [
      0,
      [ 3035, 3038 ],
      1,
      [ 779, 782 ]
   ],
   [
      0,
      [ 3039, 3043 ],
      1,
      [ 1312, 1308 ]
   ],
   [
      0,
      [ 3044, 3047 ],
      1,
      [ 789, 792 ]
   ],
   [
      0,
      [ 3049, 3055 ],
      1,
      [ 794, 800 ]
   ],
   [
      0,
      [ 3056, 3057 ],
      1,
      [ 1293, 1292 ]
   ],
   [
      0,
      [ 3059, 3063 ],
      1,
      [ 1290, 1286 ]
   ],
   [
      0,
      [ 3064, 3083 ],
      1,
      [ 810, 829 ]
   ],
   [
      0,
      [ 3085, 3362 ],
      1,
      [ 830, 980 ]
   ],
   [
      0,
      [ 3364, 3391 ],
      1,
      [ 979, 955 ]
   ],
   [
      0,
      [ 4754, 4759 ],
      1,
      [ 5075, 5074 ]
   ],
   [
      0,
      [ 4760, 4763 ],
      1,
      [ 3549, 3547 ]
   ],
   [
      0,
      [ 4764, 4765 ],
      1,
      [ 5086, 5087 ]
   ],
   [
      0,
      [ 4769, 4779 ],
      1,
      [ 5090, 5100 ]
   ],
   [
      0,
      [ 4781, 4786 ],
      1,
      [ 5101, 5104 ]
   ],
   [
      0,
      [ 4787, 5029 ],
      1,
      [ 3488, 3739 ]
   ],
   [
      0,
      [ 5031, 5033 ],
      1,
      [ 3742, 3744 ]
   ],
   [
      0,
      [ 5035, 5038 ],
      1,
      [ 3746, 3746 ]
   ],
   [
      0,
      [ 30, 59 ],
      2,
      [ 7081, 7114 ]
   ],
   [
      0,
      [ 301, 401 ],
      2,
      [ 6755, 6755 ]
   ],
   [
      0,
      [ 455, 514 ],
      2,
      [ 6715, 6654 ]
   ],
   [
      0,
      [ 899, 980 ],
      2,
      [ 6654, 6736 ]
   ],
   [
      0,
      [ 2905, 2944 ],
      2,
      [ 2673, 2646 ]
   ],
   [
      0,
      [ 4755, 5670 ],
      2,
      [ 38, 869 ]
   ],
   [
      0,
      [ 83, 129 ],
      3,
      [ 4478, 4432 ]
   ],
   [
      0,
      [ 2350, 2404 ],
      3,
      [ 567, 514 ]
   ],
   [
      0,
      [ 2405, 2407 ],
      3,
      [ 621, 623 ]
   ],
   [
      0,
      [ 2409, 2944 ],
      3,
      [ 625, 1157 ]
   ],
   [
      0,
      [ 1734, 1977 ],
      4,
      [ 215, 457 ]
   ],
   [
      0,
      [ 1978, 1991 ],
      4,
      [ 517, 531 ]
   ],
   [
      0,
      [ 1992, 2310 ],
      4,
      [ 1004, 1315 ]
   ],
   [
      0,
      [ 2312, 2564 ],
      4,
      [ 2723, 2965 ]
   ],
   [
      1,
      [ 1417, 1451 ],
      2,
      [ 2646, 2673 ]
   ],
   [
      1,
      [ 2555, 3395 ],
      2,
      [ 2673, 1857 ]
   ],
   [
      1,
      [ 3487, 3749 ],
      2,
      [ 13, 234 ]
   ],
   [
      1,
      [ 4880, 5104 ],
      2,
      [ 234, 13 ]
   ],
   [
      1,
      [ 5195, 5270 ],
      2,
      [ 1864, 1939 ]
   ],
   [
      1,
      [ 6048, 6122 ],
      2,
      [ 6037, 5988 ]
   ],
   [
      1,
      [ 6123, 6124 ],
      2,
      [ 6112, 6113 ]
   ],
   [
      1,
      [ 6126, 6127 ],
      2,
      [ 6115, 6116 ]
   ],
   [
      1,
      [ 6128, 6144 ],
      2,
      [ 5983, 5967 ]
   ],
   [
      1,
      [ 6148, 6359 ],
      2,
      [ 5964, 5738 ]
   ],
   [
      1,
      [ 6360, 6464 ],
      2,
      [ 4315, 4421 ]
   ],
   [
      1,
      [ 6466, 6469 ],
      2,
      [ 4423, 4427 ]
   ],
   [
      1,
      [ 6470, 6471 ],
      2,
      [ 5628, 5627 ]
   ],
   [
      1,
      [ 6473, 6501 ],
      2,
      [ 4430, 4461 ]
   ],
   [
      1,
      [ 6503, 6521 ],
      2,
      [ 4464, 4483 ]
   ],
   [
      1,
      [ 6523, 6525 ],
      2,
      [ 4485, 4487 ]
   ],
   [
      1,
      [ 6526, 6528 ],
      2,
      [ 5570, 5568 ]
   ],
   [
      1,
      [ 6529, 6530 ],
      2,
      [ 4490, 4491 ]
   ],
   [
      1,
      [ 1, 9 ],
      3,
      [ 1, 8 ]
   ],
   [
      1,
      [ 1417, 1780 ],
      3,
      [ 1156, 783 ]
   ],
   [
      1,
      [ 1781, 1785 ],
      3,
      [ 361, 361 ]
   ],
   [
      1,
      [ 1794, 1799 ],
      3,
      [ 361, 364 ]
   ],
   [
      1,
      [ 1801, 2054 ],
      3,
      [ 367, 514 ]
   ],
   [
      1,
      [ 2055, 2057 ],
      3,
      [ 621, 623 ]
   ],
   [
      1,
      [ 2059, 3386 ],
      3,
      [ 625, 1953 ]
   ],
   [
      1,
      [ 3388, 3390 ],
      3,
      [ 1955, 1957 ]
   ],
   [
      1,
      [ 3391, 3395 ],
      3,
      [ 3268, 3267 ]
   ],
   [
      1,
      [ 5195, 5588 ],
      3,
      [ 3272, 3654 ]
   ],
   [
      1,
      [ 6354, 6374 ],
      3,
      [ 3983, 3997 ]
   ],
   [
      1,
      [ 0, 32 ],
      4,
      [ 3327, 3358 ]
   ],
   [
      1,
      [ 1781, 2214 ],
      4,
      [ 2965, 2965 ]
   ],
   [
      1,
      [ 4255, 4374 ],
      4,
      [ 5852, 5852 ]
   ],
   [
      1,
      [ 7457, 7459 ],
      4,
      [ 853, 852 ]
   ],
   [
      1,
      [ 7460, 7546 ],
      4,
      [ 690, 772 ]
   ],
   [
      2,
      [ 1821, 1823 ],
      3,
      [ 2004, 1992 ]
   ],
   [
      2,
      [ 1824, 1828 ],
      3,
      [ 3232, 3236 ]
   ],
   [
      2,
      [ 1829, 1830 ],
      3,
      [ 1987, 1985 ]
   ],
   [
      2,
      [ 1831, 1833 ],
      3,
      [ 3241, 3243 ]
   ],
   [
      2,
      [ 1837, 1839 ],
      3,
      [ 3247, 3249 ]
   ],
   [
      2,
      [ 1840, 1841 ],
      3,
      [ 1976, 1975 ]
   ],
   [
      2,
      [ 1842, 1861 ],
      3,
      [ 3252, 3270 ]
   ],
   [
      2,
      [ 1862, 1863 ],
      3,
      [ 1956, 1955 ]
   ],
   [
      2,
      [ 1864, 1931 ],
      3,
      [ 3272, 3339 ]
   ],
   [
      2,
      [ 1932, 1933 ],
      3,
      [ 1883, 1882 ]
   ],
   [
      2,
      [ 1934, 1936 ],
      3,
      [ 3341, 3343 ]
   ],
   [
      2,
      [ 1937, 2674 ],
      3,
      [ 1876, 1121 ]
   ],
   [
      2,
      [ 4289, 4330 ],
      3,
      [ 3963, 3997 ]
   ],
   [
      2,
      [ 5726, 5742 ],
      3,
      [ 3997, 3983 ]
   ],
   [
      2,
      [ 6465, 6650 ],
      3,
      [ 4141, 4325 ]
   ],
   [
      2,
      [ 7151, 7229 ],
      3,
      [ 4561, 4634 ]
   ],
   [
      2,
      [ 2724, 3022 ],
      4,
      [ 2369, 2674 ]
   ],
   [
      2,
      [ 3026, 3027 ],
      4,
      [ 2678, 2678 ]
   ],
   [
      2,
      [ 3028, 3029 ],
      4,
      [ 1353, 1352 ]
   ],
   [
      2,
      [ 3030, 3032 ],
      4,
      [ 2681, 2683 ]
   ],
   [
      2,
      [ 3034, 3042 ],
      4,
      [ 2686, 2688 ]
   ],
   [
      2,
      [ 3467, 3471 ],
      4,
      [ 2688, 2688 ]
   ],
   [
      2,
      [ 3474, 3476 ],
      4,
      [ 1347, 1350 ]
   ],
   [
      2,
      [ 3478, 3481 ],
      4,
      [ 1351, 1354 ]
   ],
   [
      2,
      [ 3483, 3489 ],
      4,
      [ 1355, 1361 ]
   ],
   [
      2,
      [ 3491, 3517 ],
      4,
      [ 1363, 1389 ]
   ],
   [
      2,
      [ 3519, 3520 ],
      4,
      [ 1391, 1392 ]
   ],
   [
      2,
      [ 3522, 3545 ],
      4,
      [ 1393, 1416 ]
   ],
   [
      2,
      [ 3547, 3548 ],
      4,
      [ 1418, 1419 ]
   ],
   [
      2,
      [ 3550, 3553 ],
      4,
      [ 1420, 1423 ]
   ],
   [
      2,
      [ 3555, 3556 ],
      4,
      [ 2608, 2607 ]
   ],
   [
      2,
      [ 3557, 3582 ],
      4,
      [ 1426, 1451 ]
   ],
   [
      2,
      [ 3585, 3589 ],
      4,
      [ 2579, 2578 ]
   ],
   [
      2,
      [ 3591, 3592 ],
      4,
      [ 2577, 2577 ]
   ],
   [
      2,
      [ 3593, 3594 ],
      4,
      [ 1454, 1454 ]
   ],
   [
      2,
      [ 3596, 3674 ],
      4,
      [ 1455, 1534 ]
   ],
   [
      2,
      [ 3676, 3678 ],
      4,
      [ 1538, 1539 ]
   ],
   [
      2,
      [ 5016, 5030 ],
      4,
      [ 12, 1 ]
   ],
   [
      3,
      [ 0, 780 ],
      4,
      [ 3327, 2965 ]
   ]
]
